56 56 56 32 32 32 0 0 0 0 0 0 0 0 0 0 0 0 0 0 0 0 0 0 0 0 0 0 0 0 0 0 0 0 0 0 0 0 0 0 0 0 0 0 0 0 0 0 0 0 164 0 0 188 0 0 188 0 0 176 0 0 164 0 0 164 0 0 176 0 0 176 0 0 176 0 0 176 0 0 164 0 0 176 0 0 164 0 0 164 0 0 152 0 0 152 0 0 152 0 0 152 0 0 124 0 0 124 0 0 124 0 0 124 0 0 124 0 0 124 0 0 0 32 32 32 32 32 32 32 32 32 32 32 32 32 32 32 32 32 32 32 32 32 32 32 32 32 32 32 32 32 32 32 32 32 32 32 32 32 32 32 32 32 32 32 32 32 32 32 32 32 32 32 32 32 32 32 32 32 32 32 32 32 32 32 56 56 56 84 84 84
0 0 112 0 0 164 0 0 164 0 0 164 0 0 164 0 0 164 0 0 164 0 0 164 0 0 164 0 0 164 0 0 152 0 0 152 0 0 152 0 0 152 0 0 152 0 0 0 0 0 188 0 0 176 0 0 176 0 0 164 0 0 136 0 0 164 0 0 136 0 0 164 0 0 176 0 0 164 0 0 152 0 0 152 0 0 136 0 0 152 0 0 136 0 0 136 0 0 136 0 0 164 0 0 152 0 0 136 0 0 136 0 0 152 0 0 136 0 0 152 0 0 0 32 32 32 0 0 152 0 0 164 0 0 164 0 0 188 0 0 188 0 0 188 0 0 188 0 0 188 0 0 188 0 0 188 0 0 188 0 0 188 0 0 188 0 0 164 0 0 188 0 0 188 0 0 176 0 0 176 0 0 164 0 0 164 0 0 136 84 84 84
0 0 124 0 0 164 0 0 164 0 0 152 0 0 136 0 0 136 0 0 152 0 0 164 0 0 152 0 0 136 0 0 124 0 0 136 0 0 124 0 0 152 0 0 124 0 0 0 0 0 176 0 0 164 0 0 152 0 0 152 0 0 152 0 0 136 0 0 124 0 0 136 0 0 152 0 0 136 0 0 124 0 0 176 0 0 136 0 0 136 0 0 152 0 0 136 0 0 164 0 0 152 0 0 152 0 0 136 0 0 100 0 0 124 0 0 152 0 0 136 0 0 0 32 32 32 0 0 164 0 0 188 0 0 188 0 0 188 0 0 164 0 0 188 0 0 188 0 0 188 0 0 164 0 0 176 0 0 164 0 0 176 0 0 164 0 0 188 0 0 164 0 0 164 0 0 164 0 0 164 0 0 164 0 0 152 0 0 136 84 84 84
0 0 124 0 0 164 0 0 164 0 0 124 0 0 164 0 0 124 0 0 152 0 0 152 0 0 124 0 0 136 0 0 136 0 0 152 0 0 152 0 0 124 0 0 152 0 0 0 0 0 164 0 0 152 0 0 152 0 0 176 0 0 176 0 0 152 0 0 136 0 0 152 0 0 136 0 0 124 0 0 136 0 0 152 0 0 164 0 0 164 0 0 136 0 0 124 0 0 152 0 0 136 0 0 136 0 0 124 0 0 112 0 0 100 0 0 136 0 0 124 0 0 0 32 32 32 0 0 176 0 0 188 0 0 176 0 0 188 0 0 176 0 0 176 0 0 152 0 0 188 0 0 188 0 0 152 0 0 188 0 0 188 0 0 188 0 0 176 0 0 188 0 0 188 0 0 136 0 0 112 0 0 136 0 0 124 0 0 136 84 84 84
0 0 124 0 0 164 0 0 136 0 0 136 0 0 112 0 0 164 0 0 176 0 0 164 0 0 152 0 0 136 0 0 164 0 0 124 0 0 124 0 0 124 0 0 100 0 0 0 0 0 176 0 0 164 0 0 136 0 0 176 0 0 188 0 0 176 0 0 152 0 0 124 0 0 176 0 0 136 0 0 164 0 0 152 0 0 164 0 0 164 0 0 164 0 0 136 0 0 112 0 0 136 0 0 124 0 0 112 0 0 124 0 0 124 0 0 112 0 0 100 0 0 0 32 32 32 0 0 188 0 0 188 0 0 176 0 0 176 0 0 164 0 0 152 0 0 164 0 0 188 0 0 152 0 0 152 0 0 164 0 0 176 0 0 176 0 0 176 0 0 176 0 0 164 0 0 136 0 0 100 0 0 136 0 0 124 0 0 124 84 84 84
0 0 124 0 0 164 0 0 164 0 0 152 0 0 200 0 0 200 0 0 176 0 0 176 0 0 164 0 0 164 0 0 136 0 0 124 0 0 100 0 0 124 0 0 100 0 0 0 0 0 164 0 0 188 0 0 164 0 0 152 0 0 176 0 0 212 0 0 164 0 0 152 0 0 152 0 0 176 0 0 176 0 0 164 0 0 152 0 0 164 0 0 164 0 0 136 0 0 124 0 0 124 0 0 124 0 0 124 0 0 100 0 0 100 0 0 124 0 0 112 0 0 0 0 0 88 0 0 188 0 0 188 0 0 212 0 0 212 0 0 176 0 0 136 0 0 188 0 0 164 0 0 164 0 0 188 0 0 224 0 0 188 0 0 176 0 0 164 0 0 136 0 0 152 0 0 136 0 0 136 0 0 100 0 0 124 0 0 124 84 84 84
0 0 124 0 0 164 0 0 124 0 0 152 0 0 200 0 0 200 0 0 164 0 0 176 0 0 164 0 0 124 0 0 136 0 0 164 0 0 136 0 0 112 0 0 112 0 0 0 0 0 164 0 0 176 0 0 164 0 0 152 0 0 124 0 0 124 0 0 152 0 0 124 0 0 152 0 0 176 0 0 176 0 0 176 0 0 164 0 0 152 0 0 124 0 0 124 0 0 124 0 0 100 0 0 124 0 0 124 0 0 124 0 0 112 0 0 112 0 0 124 0 0 0 0 0 88 0 0 188 0 0 188 0 0 212 0 0 212 0 0 176 0 0 176 0 0 176 0 0 136 0 0 164 0 0 224 64 64 252 0 0 224 0 0 176 0 0 124 0 0 136 0 0 136 0 0 164 0 0 100 0 0 136 0 0 124 0 0 124 84 84 84
0 0 124 0 0 164 0 0 164 0 0 152 0 0 152 0 0 100 0 0 164 0 0 164 0 0 136 0 0 124 0 0 112 0 0 136 0 0 136 0 0 100 0 0 100 0 0 0 0 0 164 0 0 164 0 0 136 0 0 124 0 0 124 0 0 152 0 0 124 0 0 152 0 0 152 0 0 100 0 0 164 0 0 164 0 0 164 0 0 124 0 0 100 0 0 100 0 0 112 0 0 100 0 0 124 0 0 124 0 0 124 0 0 88 0 0 88 0 0 112 0 0 0 0 0 112 0 0 188 0 0 176 0 0 176 0 0 188 0 0 176 0 0 176 0 0 136 0 0 188 0 0 188 0 0 188 0 0 224 0 0 188 0 0 136 0 0 124 0 0 176 0 0 124 0 0 100 0 0 164 0 0 88 0 0 124 0 0 124 84 84 84
0 0 124 0 0 164 0 0 164 0 0 124 0 0 124 0 0 124 0 0 164 0 0 152 0 0 152 0 0 124 0 0 152 0 0 100 0 0 124 0 0 88 0 0 124 0 0 0 0 0 164 0 0 136 0 0 124 0 0 124 0 0 152 0 0 124 0 0 124 0 0 152 0 0 152 0 0 124 0 0 152 0 0 100 0 0 100 0 0 112 0 0 100 0 0 100 0 0 100 0 0 88 0 0 88 0 0 88 0 0 88 0 0 100 0 0 88 0 0 64 0 0 0 0 0 112 0 0 188 0 0 164 0 0 188 0 0 152 0 0 152 0 0 164 0 0 164 0 0 136 0 0 176 0 0 164 0 0 152 0 0 164 0 0 136 0 0 152 0 0 124 0 0 100 0 0 76 0 0 124 0 0 100 0 0 112 0 0 124 84 84 84
0 0 124 0 0 164 0 0 152 0 0 124 0 0 124 0 0 124 0 0 152 0 0 124 0 0 124 0 0 164 0 0 164 0 0 124 0 0 100 0 0 88 0 0 100 0 0 0 0 0 164 0 0 164 0 0 152 0 0 124 0 0 152 0 0 124 0 0 152 0 0 124 0 0 124 0 0 152 0 0 124 0 0 124 0 0 112 0 0 100 0 0 88 0 0 112 0 0 112 0 0 76 0 0 76 0 0 88 0 0 100 0 0 64 0 0 88 0 0 64 0 0 0 0 0 136 0 0 188 0 0 176 0 0 188 0 0 152 0 0 152 0 0 152 0 0 176 0 0 176 0 0 152 0 0 136 0 0 152 0 0 124 0 0 136 0 0 164 0 0 164 0 0 136 0 0 100 0 0 124 0 0 88 0 0 112 0 0 124 84 84 84
0 0 124 0 0 164 0 0 124 0 0 164 0 0 124 0 0 124 0 0 164 0 0 100 0 0 152 0 0 164 0 0 164 0 0 88 0 0 124 0 0 100 0 0 64 0 0 0 0 0 176 0 0 164 0 0 152 0 0 152 0 0 124 0 0 100 0 0 100 0 0 112 0 0 124 0 0 136 0 0 136 0 0 112 0 0 88 0 0 88 0 0 88 0 0 124 0 0 124 0 0 76 0 0 76 0 0 100 0 0 88 0 0 64 0 0 64 0 0 64 0 0 0 0 0 136 0 0 188 0 0 188 0 0 188 0 0 164 0 0 152 0 0 152 0 0 176 0 0 124 0 0 124 0 0 164 0 0 164 0 0 164 0 0 124 0 0 152 0 0 164 0 0 164 0 0 136 0 0 152 0 0 100 0 0 112 0 0 124 84 84 84
0 0 124 0 0 164 0 0 152 0 0 152 0 0 152 0 0 164 0 0 164 0 0 164 0 0 112 0 0 112 0 0 112 0 0 124 0 0 100 0 0 124 0 0 64 0 0 0 0 0 164 0 0 124 0 0 124 0 0 124 0 0 152 0 0 100 0 0 112 0 0 124 0 0 112 0 0 136 0 0 136 0 0 112 0 0 100 0 0 100 0 0 88 0 0 124 0 0 124 0 0 112 0 0 88 0 0 88 0 0 64 0 0 88 0 0 100 0 0 64 0 0 0 0 0 136 0 0 188 0 0 164 0 0 152 0 0 188 0 0 188 0 0 164 0 0 176 0 0 124 0 0 76 0 0 124 0 0 152 0 0 164 0 0 112 0 0 152 0 0 152 0 0 164 0 0 152 0 0 88 0 0 112 0 0 112 0 0 124 84 84 84
0 0 124 0 0 164 0 0 152 0 0 164 0 0 136 0 0 152 0 0 164 0 0 164 0 0 112 0 0 88 0 0 112 0 0 100 0 0 124 0 0 100 0 0 64 0 0 0 0 0 164 0 0 164 0 0 124 0 0 124 0 0 88 0 0 112 0 0 124 0 0 100 0 0 88 0 0 112 0 0 112 0 0 112 0 0 88 0 0 100 0 0 100 0 0 100 0 0 100 0 0 100 0 0 88 0 0 88 0 0 88 0 0 64 0 0 64 0 0 64 0 0 0 0 0 124 0 0 188 0 0 164 0 0 164 0 0 188 0 0 164 0 0 188 0 0 124 0 0 164 0 0 124 0 0 124 0 0 136 0 0 76 0 0 76 0 0 124 0 0 112 0 0 152 0 0 152 0 0 100 0 0 100 0 0 124 0 0 124 84 84 84
0 0 124 0 0 164 0 0 124 0 0 100 0 0 136 0 0 152 0 0 152 0 0 152 0 0 136 0 0 100 0 0 100 0 0 88 0 0 100 0 0 112 0 0 64 0 0 0 0 0 164 0 0 152 0 0 152 0 0 124 0 0 124 0 0 124 0 0 88 0 0 124 0 0 88 0 0 88 0 0 88 0 0 88 0 0 64 0 0 88 0 0 64 0 0 64 0 0 88 0 0 88 0 0 100 0 0 88 0 0 100 0 0 64 0 0 88 0 0 64 0 0 0 0 0 112 0 0 188 0 0 164 0 0 188 0 0 152 0 0 136 0 0 188 0 0 164 0 0 136 0 0 164 0 0 164 0 0 124 0 0 76 0 0 76 0 0 100 0 0 124 0 0 112 0 0 112 0 0 88 0 0 112 0 0 124 0 0 124 84 84 84
0 0 124 0 0 164 0 0 152 0 0 152 0 0 124 0 0 152 0 0 152 0 0 136 0 0 136 0 0 100 0 0 88 0 0 100 0 0 64 0 0 100 0 0 64 0 0 0 0 0 164 0 0 124 0 0 152 0 0 124 0 0 124 0 0 124 0 0 88 0 0 88 0 0 88 0 0 100 0 0 100 0 0 88 0 0 64 0 0 88 0 0 100 0 0 64 0 0 64 0 0 64 0 0 64 0 0 88 0 0 88 0 0 64 0 0 64 0 0 64 0 0 0 0 0 100 0 0 188 0 0 188 0 0 188 0 0 176 0 0 136 0 0 164 0 0 164 0 0 164 0 0 164 0 0 164 0 0 136 0 0 100 0 0 100 0 0 100 0 0 88 0 0 100 0 0 112 0 0 88 0 0 100 0 0 124 0 0 124 84 84 84
0 0 124 0 0 164 0 0 152 0 0 152 0 0 100 0 0 136 0 0 112 0 0 136 0 0 136 0 0 112 0 0 100 0 0 124 0 0 112 0 0 64 0 0 64 0 0 0 0 0 0 0 0 0 0 0 0 0 0 0 0 0 0 0 0 0 0 0 0 0 0 0 0 0 0 0 0 0 0 0 0 0 0 0 0 0 0 0 0 0 0 0 0 0 0 0 0 0 0 0 0 0 0 0 0 0 0 0 0 0 0 0 0 0 0 0 0 0 0 0 0 0 0 32 32 32 32 32 32 0 0 0 0 0 0 0 0 0 0 0 0 0 0 0 0 0 0 0 0 0 0 0 0 0 0 0 0 0 0 0 0 0 0 0 0 0 0 0 0 0 0 0 0 0 0 0 0 0 0 0 0 0 0 32 32 32 56 56 56 84 84 84
0 0 124 0 0 164 0 0 124 0 0 124 0 0 88 0 0 112 0 0 112 0 0 124 0 0 112 0 0 100 0 0 100 0 0 64 0 0 112 0 0 64 0 0 64 0 0 0 0 0 176 0 0 176 0 0 176 0 0 176 0 0 176 0 0 176 0 0 176 0 0 176 0 0 164 0 0 164 0 0 152 0 0 0 32 32 32 32 32 32 32 32 32 32 32 32 32 32 32 32 32 32 32 32 32 32 32 32 32 32 32 32 32 32 32 32 32 32 32 32 32 32 32 32 32 32 32 32 32 32 32 32 32 32 32 32 32 32 32 32 32 32 32 32 32 32 32 32 32 32 32 32 32 32 32 32 32 32 32 32 32 32 32 32 32 32 32 32 32 32 32 32 32 32 32 32 32 32 32 32 32 32 32 32 32 32 56 56 56 84 84 84
0 0 124 0 0 164 0 0 164 0 0 112 0 0 124 0 0 112 0 0 100 0 0 100 0 0 124 0 0 124 0 0 100 0 0 88 0 0 64 0 0 112 0 0 64 0 0 0 0 0 176 0 0 176 0 0 188 0 0 188 0 0 188 0 0 152 0 0 152 0 0 188 0 0 188 0 0 124 0 0 124 0 0 0 32 32 32 0 0 176 0 0 176 0 0 176 0 0 176 0 0 176 0 0 176 0 0 176 0 0 176 0 0 176 0 0 176 0 0 176 0 0 176 0 0 164 0 0 164 0 0 164 0 0 164 0 0 0 32 32 32 0 0 188 0 0 188 0 0 188 0 0 188 0 0 188 0 0 188 0 0 188 0 0 188 0 0 188 0 0 188 0 0 188 0 0 188 0 0 176 0 0 176 0 0 164 0 0 136 84 84 84
0 0 124 0 0 164 0 0 124 0 0 124 0 0 112 0 0 124 0 0 88 0 0 100 0 0 124 0 0 124 0 0 124 0 0 64 0 0 64 0 0 64 0 0 64 0 0 0 0 0 176 0 0 152 0 0 188 0 0 176 0 0 152 0 0 188 0 0 152 0 0 152 0 0 124 0 0 100 0 0 88 0 0 0 32 32 32 0 0 176 0 0 176 0 0 164 0 0 164 0 0 176 0 0 176 0 0 176 0 0 152 0 0 152 0 0 176 0 0 176 0 0 176 0 0 176 0 0 164 0 0 164 0 0 152 0 0 0 32 32 32 0 0 188 0 0 124 0 0 164 0 0 188 0 0 176 0 0 176 0 0 164 0 0 188 0 0 176 0 0 164 0 0 188 0 0 176 0 0 164 0 0 164 0 0 136 0 0 136 84 84 84
0 0 124 0 0 164 0 0 112 0 0 124 0 0 88 0 0 88 0 0 100 0 0 88 0 0 100 0 0 124 0 0 124 0 0 64 0 0 64 0 0 100 0 0 64 0 0 0 0 0 164 0 0 188 0 0 176 0 0 176 0 0 124 0 0 124 0 0 100 0 0 136 0 0 136 0 0 112 0 0 88 0 0 0 32 32 32 0 0 176 0 0 136 0 0 164 0 0 152 0 0 136 0 0 176 0 0 176 0 0 152 0 0 152 0 0 136 0 0 136 0 0 124 0 0 124 0 0 136 0 0 152 0 0 136 0 0 0 32 32 32 0 0 176 0 0 188 0 0 176 0 0 124 0 0 164 0 0 164 0 0 176 0 0 176 0 0 164 0 0 188 0 0 164 0 0 164 0 0 100 0 0 136 0 0 124 0 0 124 84 84 84
0 0 124 0 0 164 0 0 112 0 0 112 0 0 88 0 0 88 0 0 112 0 0 64 0 0 88 0 0 88 0 0 88 0 0 100 0 0 100 0 0 88 0 0 64 0 0 0 0 0 164 0 0 188 0 0 152 0 0 152 0 0 152 0 0 124 0 0 124 0 0 100 0 0 136 0 0 112 0 0 88 0 0 0 32 32 32 0 0 176 0 0 164 0 0 152 0 0 136 0 0 176 0 0 112 0 0 164 0 0 88 0 0 176 0 0 176 0 0 136 0 0 124 0 0 124 0 0 124 0 0 88 0 0 88 0 0 0 32 32 32 0 0 164 0 0 136 0 0 176 0 0 164 0 0 164 0 0 124 0 0 176 0 0 152 0 0 136 0 0 124 0 0 100 0 0 124 0 0 100 0 0 112 0 0 124 0 0 124 84 84 84
0 0 112 0 0 164 0 0 88 0 0 100 0 0 100 0 0 64 0 0 100 0 0 64 0 0 64 0 0 64 0 0 64 0 0 64 0 0 64 0 0 64 0 0 64 0 0 0 0 0 152 0 0 124 0 0 124 0 0 152 0 0 152 0 0 124 0 0 124 0 0 88 0 0 100 0 0 88 0 0 88 0 0 0 32 32 32 0 0 164 0 0 152 0 0 136 0 0 112 0 0 136 0 0 112 0 0 88 0 0 136 0 0 88 0 0 136 0 0 88 0 0 88 0 0 124 0 0 124 0 0 100 0 0 88 0 0 0 32 32 32 0 0 164 0 0 152 0 0 152 0 0 124 0 0 124 0 0 164 0 0 124 0 0 136 0 0 136 0 0 124 0 0 100 0 0 112 0 0 100 0 0 100 0 0 124 0 0 124 84 84 84
56 56 56 32 32 32 0 0 0 0 0 0 0 0 0 0 0 0 0 0 0 0 0 0 0 0 0 0 0 0 0 0 0 0 0 0 0 0 0 0 0 0 0 0 0 0 0 0 0 0 152 0 0 188 0 0 124 0 0 100 0 0 100 0 0 100 0 0 88 0 0 100 0 0 88 0 0 100 0 0 100 0 0 0 32 32 32 0 0 164 0 0 136 0 0 152 0 0 100 0 0 88 0 0 100 0 0 88 0 0 100 0 0 100 0 0 88 0 0 100 0 0 88 0 0 88 0 0 100 0 0 100 0 0 88 0 0 0 32 32 32 0 0 152 0 0 136 0 0 124 0 0 112 0 0 164 0 0 112 0 0 100 0 0 100 0 0 124 0 0 124 0 0 100 0 0 88 0 0 88 0 0 100 0 0 124 0 0 124 84 84 84
56 56 56 32 32 32 32 32 32 32 32 32 32 32 32 32 32 32 32 32 32 32 32 32 32 32 32 32 32 32 32 32 32 32 32 32 32 32 32 32 32 32 32 32 32 32 32 32 0 0 0 0 0 0 0 0 0 0 0 0 0 0 0 0 0 0 0 0 0 0 0 0 0 0 0 0 0 0 0 0 0 0 0 0 32 32 32 32 32 32 0 0 0 0 0 0 0 0 0 0 0 0 0 0 0 0 0 0 0 0 0 0 0 0 0 0 0 0 0 0 0 0 0 0 0 0 0 0 0 0 0 0 0 0 0 0 0 0 32 32 32 32 32 32 0 0 0 0 0 0 0 0 0 0 0 0 0 0 0 0 0 0 0 0 0 0 0 0 0 0 0 0 0 0 0 0 0 0 0 0 0 0 0 32 32 32 56 56 56 84 84 84
0 0 136 0 0 188 0 0 188 0 0 188 0 0 0 0 0 164 0 0 164 0 0 164 0 0 164 0 0 164 0 0 164 0 0 164 0 0 164 0 0 164 0 0 164 0 0 164 0 0 164 0 0 164 0 0 164 0 0 164 0 0 164 0 0 0 32 32 32 32 32 32 32 32 32 32 32 32 32 32 32 32 32 32 32 32 32 32 32 32 32 32 32 32 32 32 32 32 32 32 32 32 32 32 32 32 32 32 32 32 32 32 32 32 32 32 32 32 32 32 32 32 32 32 32 32 32 32 32 32 32 32 32 32 32 32 32 32 32 32 32 32 32 32 32 32 32 32 32 32 32 32 32 32 32 32 32 32 32 32 32 32 32 32 32 32 32 32 32 32 32 32 32 32 32 32 32 32 32 32 32 32 32 32 32 32 56 56 56 84 84 84
0 0 136 0 0 188 0 0 164 0 0 188 0 0 0 0 0 164 0 0 188 0 0 176 0 0 176 0 0 176 0 0 188 0 0 188 0 0 176 0 0 176 0 0 188 0 0 188 0 0 176 0 0 164 0 0 176 0 0 176 0 0 164 0 0 0 32 32 32 0 0 176 0 0 176 0 0 176 0 0 176 0 0 176 0 0 176 0 0 176 0 0 176 0 0 176 0 0 176 0 0 176 0 0 176 0 0 176 0 0 176 0 0 0 32 32 32 0 0 164 0 0 164 0 0 176 0 0 176 0 0 176 0 0 176 0 0 164 0 0 164 0 0 164 0 0 164 0 0 164 0 0 164 0 0 164 0 0 164 0 0 164 0 0 164 0 0 164 0 0 164 0 0 164 0 0 164 0 0 164 0 0 164 0 0 164 0 0 164 84 84 84
0 0 136 0 0 188 0 0 188 0 0 164 0 0 0 0 0 164 0 0 188 0 0 188 0 0 200 0 0 176 0 0 176 0 0 164 0 0 164 0 0 224 0 0 200 0 0 164 0 0 152 0 0 164 0 0 152 0 0 164 0 0 164 0 0 0 32 32 32 0 0 176 0 0 188 0 0 188 0 0 176 0 0 188 0 0 176 0 0 164 0 0 188 0 0 188 0 0 188 0 0 164 0 0 124 0 0 164 0 0 164 0 0 0 32 32 32 0 0 164 0 0 188 0 0 188 0 0 188 0 0 188 0 0 188 0 0 176 0 0 164 0 0 164 0 0 188 0 0 176 0 0 188 0 0 188 0 0 164 0 0 164 0 0 152 0 0 188 0 0 188 0 0 164 0 0 176 0 0 176 0 0 164 0 0 164 0 0 200 84 84 84
0 0 136 0 0 188 0 0 176 0 0 152 0 0 0 0 0 164 0 0 188 0 0 224 0 0 188 0 0 176 0 0 176 0 0 164 0 0 164 0 0 200 0 0 200 0 0 164 0 0 164 0 0 164 0 0 164 0 0 164 0 0 152 0 0 0 32 32 32 0 0 176 0 0 176 0 0 164 0 0 164 0 0 188 0 0 188 0 0 164 0 0 176 0 0 188 0 0 164 0 0 164 0 0 188 0 0 188 0 0 124 0 0 0 32 32 32 0 0 164 0 0 188 0 0 200 0 0 200 0 0 188 0 0 188 0 0 188 0 0 176 0 0 200 0 0 188 0 0 164 0 0 164 0 0 188 0 0 188 0 0 188 0 0 188 0 0 152 0 0 164 0 0 164 0 0 164 0 0 188 0 0 176 0 0 152 0 0 136 84 84 84
0 0 136 0 0 188 0 0 124 0 0 152 0 0 0 0 0 164 0 0 176 0 0 200 0 0 200 0 0 152 0 0 176 0 0 176 0 0 152 0 0 136 0 0 136 0 0 152 0 0 136 0 0 188 0 0 188 0 0 164 0 0 152 0 0 0 32 32 32 0 0 176 0 0 164 0 0 176 0 0 188 0 0 176 0 0 176 0 0 188 0 0 188 0 0 164 0 0 124 0 0 188 0 0 124 0 0 124 0 0 164 0 0 0 32 32 32 0 0 164 0 0 188 0 0 200 0 0 200 0 0 188 0 0 176 0 0 176 0 0 200 0 0 200 0 0 188 0 0 164 0 0 164 0 0 164 0 0 152 0 0 164 0 0 188 0 0 164 0 0 164 0 0 152 0 0 152 0 0 124 0 0 188 0 0 164 0 0 136 84 84 84
0 0 136 0 0 188 0 0 164 0 0 152 0 0 0 0 0 164 0 0 164 0 0 176 0 0 152 0 0 152 0 0 152 0 0 176 0 0 188 0 0 136 0 0 136 0 0 136 0 0 152 0 0 164 0 0 164 0 0 136 0 0 152 0 0 0 32 32 32 0 0 176 0 0 188 0 0 200 0 0 212 0 0 176 0 0 176 0 0 176 0 0 176 0 0 176 0 0 164 0 0 124 0 0 164 0 0 164 0 0 164 0 0 0 32 32 32 0 0 164 0 0 188 0 0 188 0 0 200 0 0 188 0 0 188 0 0 188 0 0 152 0 0 152 0 0 176 0 0 176 0 0 164 0 0 164 0 0 152 0 0 136 0 0 152 0 0 188 0 0 164 0 0 152 0 0 152 0 0 188 0 0 164 0 0 152 0 0 136 84 84 84
0 0 136 0 0 188 0 0 188 0 0 112 0 0 0 0 0 164 0 0 152 0 0 164 0 0 176 0 0 152 0 0 152 0 0 176 0 0 152 0 0 152 0 0 136 0 0 136 0 0 164 0 0 152 0 0 136 0 0 164 0 0 152 0 0 0 32 32 32 0 0 176 0 0 188 0 0 224 0 0 212 0 0 200 0 0 176 0 0 136 0 0 136 0 0 176 0 0 176 0 0 164 0 0 164 0 0 164 0 0 124 0 0 0 32 32 32 0 0 164 0 0 188 0 0 164 0 0 176 0 0 212 0 0 212 0 0 188 0 0 152 0 0 152 0 0 152 0 0 176 0 0 152 0 0 188 0 0 124 0 0 136 0 0 188 0 0 164 0 0 152 0 0 124 0 0 188 0 0 188 0 0 124 0 0 124 0 0 136 84 84 84
0 0 136 0 0 188 0 0 152 0 0 152 0 0 0 0 0 164 0 0 152 0 0 188 0 0 164 0 0 176 0 0 176 0 0 176 0 0 152 0 0 152 0 0 164 0 0 164 0 0 164 0 0 164 0 0 124 0 0 124 0 0 124 0 0 0 32 32 32 0 0 176 0 0 188 0 0 224 0 0 224 0 0 200 0 0 164 0 0 136 0 0 136 0 0 176 0 0 176 0 0 164 0 0 124 0 0 112 0 0 88 0 0 0 32 32 32 0 0 164 0 0 188 0 0 164 0 0 176 0 0 212 0 0 212 0 0 212 0 0 188 0 0 152 0 0 152 0 0 176 0 0 164 0 0 136 0 0 124 0 0 124 0 0 124 0 0 136 0 0 136 0 0 136 0 0 164 0 0 164 0 0 152 0 0 124 0 0 136 84 84 84
0 0 136 0 0 188 0 0 112 0 0 88 0 0 0 0 0 164 0 0 188 0 0 164 0 0 164 0 0 164 0 0 188 0 0 188 0 0 164 0 0 136 0 0 164 0 0 164 0 0 164 0 0 164 0 0 136 0 0 124 0 0 100 0 0 0 32 32 32 0 0 176 0 0 176 0 0 188 0 0 188 0 0 164 0 0 164 0 0 164 0 0 164 0 0 152 0 0 164 0 0 152 0 0 124 0 0 100 0 0 88 0 0 0 32 32 32 0 0 164 0 0 176 0 0 176 0 0 176 0 0 176 0 0 212 0 0 212 0 0 164 0 0 176 0 0 188 0 0 188 0 0 188 0 0 136 0 0 124 0 0 124 0 0 124 0 0 124 0 0 164 0 0 164 0 0 124 0 0 88 0 0 88 0 0 124 0 0 124 84 84 84
0 0 136 0 0 188 0 0 112 0 0 112 0 0 0 0 0 164 0 0 152 0 0 152 0 0 188 0 0 164 0 0 188 0 0 176 0 0 176 0 0 124 0 0 124 0 0 164 0 0 164 0 0 164 0 0 136 0 0 100 0 0 88 0 0 0 32 32 32 0 0 176 0 0 188 0 0 212 0 0 224 0 0 164 0 0 164 0 0 188 0 0 164 0 0 164 0 0 164 0 0 124 0 0 112 0 0 100 0 0 88 0 0 0 32 32 32 0 0 164 0 0 164 0 0 176 0 0 176 0 0 176 0 0 124 0 0 188 0 0 188 0 0 164 0 0 188 0 0 188 0 0 188 0 0 188 0 0 136 0 0 124 0 0 136 0 0 112 0 0 164 0 0 164 0 0 164 0 0 100 0 0 100 0 0 124 0 0 124 84 84 84
0 0 136 0 0 188 0 0 152 0 0 88 0 0 0 0 0 164 0 0 152 0 0 152 0 0 152 0 0 164 0 0 164 0 0 176 0 0 176 0 0 124 0 0 136 0 0 136 0 0 124 0 0 136 0 0 100 0 0 112 0 0 100 0 0 0 32 32 32 0 0 176 0 0 164 0 0 224 0 0 212 0 0 212 0 0 188 0 0 176 0 0 164 0 0 124 0 0 124 0 0 112 0 0 100 0 0 88 0 0 88 0 0 0 32 32 32 0 0 164 0 0 164 0 0 200 0 0 188 0 0 176 0 0 164 0 0 164 0 0 164 0 0 164 0 0 188 0 0 188 0 0 188 0 0 188 0 0 164 0 0 136 0 0 124 0 0 112 0 0 112 0 0 164 0 0 164 0 0 100 0 0 100 0 0 124 0 0 124 84 84 84
0 0 136 0 0 188 0 0 136 0 0 88 0 0 0 0 0 164 0 0 176 0 0 152 0 0 152 0 0 164 0 0 164 0 0 164 0 0 164 0 0 124 0 0 136 0 0 136 0 0 152 0 0 100 0 0 124 0 0 112 0 0 100 0 0 0 32 32 32 0 0 176 0 0 176 0 0 164 0 0 212 0 0 212 0 0 164 0 0 124 0 0 124 0 0 124 0 0 112 0 0 124 0 0 124 0 0 124 0 0 100 0 0 0 32 32 32 0 0 164 0 0 164 0 0 188 0 0 188 0 0 124 0 0 152 0 0 164 0 0 164 0 0 164 0 0 164 0 0 188 0 0 188 0 0 188 0 0 164 0 0 124 0 0 124 0 0 136 0 0 112 0 0 112 0 0 88 0 0 100 0 0 100 0 0 124 0 0 124 84 84 84
0 0 136 0 0 188 0 0 164 0 0 124 0 0 0 0 0 164 0 0 152 0 0 176 0 0 164 0 0 152 0 0 100 0 0 100 0 0 152 0 0 136 0 0 124 0 0 152 0 0 152 0 0 112 0 0 124 0 0 88 0 0 88 0 0 0 32 32 32 0 0 176 0 0 164 0 0 188 0 0 176 0 0 164 0 0 164 0 0 164 0 0 164 0 0 124 0 0 124 0 0 124 0 0 124 0 0 124 0 0 100 0 0 0 32 32 32 0 0 164 0 0 164 0 0 152 0 0 124 0 0 124 0 0 124 0 0 152 0 0 164 0 0 124 0 0 124 0 0 164 0 0 164 0 0 164 0 0 164 0 0 136 0 0 136 0 0 136 0 0 88 0 0 100 0 0 88 0 0 88 0 0 88 0 0 112 0 0 124 84 84 84
0 0 136 0 0 188 0 0 164 0 0 164 0 0 0 0 0 164 0 0 152 0 0 176 0 0 124 0 0 136 0 0 100 0 0 100 0 0 152 0 0 152 0 0 136 0 0 100 0 0 124 0 0 124 0 0 112 0 0 88 0 0 100 0 0 0 32 32 32 0 0 176 0 0 188 0 0 164 0 0 124 0 0 164 0 0 164 0 0 164 0 0 164 0 0 164 0 0 100 0 0 100 0 0 124 0 0 124 0 0 100 0 0 0 32 32 32 0 0 164 0 0 164 0 0 152 0 0 124 0 0 124 0 0 124 0 0 124 0 0 164 0 0 124 0 0 124 0 0 124 0 0 164 0 0 164 0 0 124 0 0 88 0 0 124 0 0 88 0 0 112 0 0 112 0 0 112 0 0 88 0 0 88 0 0 100 0 0 124 84 84 84
0 0 136 0 0 188 0 0 136 0 0 164 0 0 0 0 0 164 0 0 176 0 0 164 0 0 164 0 0 100 0 0 136 0 0 112 0 0 124 0 0 136 0 0 112 0 0 100 0 0 124 0 0 64 0 0 64 0 0 88 0 0 100 0 0 0 32 32 32 0 0 176 0 0 176 0 0 164 0 0 164 0 0 124 0 0 124 0 0 124 0 0 164 0 0 164 0 0 112 0 0 100 0 0 100 0 0 100 0 0 100 0 0 0 32 32 32 0 0 164 0 0 164 0 0 164 0 0 124 0 0 124 0 0 112 0 0 112 0 0 124 0 0 152 0 0 124 0 0 136 0 0 164 0 0 164 0 0 124 0 0 88 0 0 88 0 0 88 0 0 88 0 0 112 0 0 112 0 0 76 0 0 64 0 0 88 0 0 124 84 84 84
0 0 136 0 0 188 0 0 112 0 0 100 0 0 0 0 0 164 0 0 188 0 0 164 0 0 124 0 0 124 0 0 124 0 0 164 0 0 124 0 0 124 0 0 124 0 0 124 0 0 88 0 0 64 0 0 64 0 0 100 0 0 88 0 0 0 32 32 32 0 0 176 0 0 124 0 0 188 0 0 124 0 0 124 0 0 136 0 0 136 0 0 112 0 0 112 0 0 112 0 0 112 0 0 100 0 0 88 0 0 88 0 0 0 32 32 32 0 0 164 0 0 164 0 0 164 0 0 124 0 0 124 0 0 112 0 0 112 0 0 124 0 0 136 0 0 124 0 0 112 0 0 88 0 0 112 0 0 124 0 0 152 0 0 152 0 0 124 0 0 88 0 0 88 0 0 100 0 0 76 0 0 64 0 0 88 0 0 124 84 84 84
0 0 136 0 0 188 0 0 136 0 0 112 0 0 0 0 0 164 0 0 188 0 0 164 0 0 152 0 0 124 0 0 124 0 0 100 0 0 88 0 0 100 0 0 100 0 0 100 0 0 88 0 0 100 0 0 100 0 0 100 0 0 64 0 0 0 32 32 32 0 0 176 0 0 164 0 0 188 0 0 124 0 0 124 0 0 136 0 0 136 0 0 136 0 0 88 0 0 112 0 0 112 0 0 88 0 0 88 0 0 64 0 0 0 32 32 32 0 0 164 0 0 152 0 0 152 0 0 164 0 0 124 0 0 112 0 0 100 0 0 100 0 0 112 0 0 100 0 0 88 0 0 88 0 0 88 0 0 100 0 0 152 0 0 152 0 0 152 0 0 124 0 0 76 0 0 88 0 0 76 0 0 112 0 0 124 0 0 124 84 84 84
0 0 136 0 0 188 0 0 164 0 0 112 0 0 0 0 0 164 0 0 164 0 0 152 0 0 164 0 0 124 0 0 100 0 0 100 0 0 88 0 0 100 0 0 88 0 0 88 0 0 64 0 0 88 0 0 64 0 0 88 0 0 64 0 0 0 32 32 32 0 0 176 0 0 188 0 0 164 0 0 164 0 0 112 0 0 124 0 0 136 0 0 136 0 0 100 0 0 88 0 0 100 0 0 88 0 0 88 0 0 64 0 0 0 32 32 32 0 0 164 0 0 136 0 0 124 0 0 164 0 0 152 0 0 136 0 0 100 0 0 100 0 0 100 0 0 100 0 0 100 0 0 88 0 0 88 0 0 100 0 0 112 0 0 136 0 0 152 0 0 124 0 0 76 0 0 64 0 0 64 0 0 112 0 0 124 0 0 124 84 84 84
0 0 136 0 0 188 0 0 188 0 0 100 0 0 0 0 0 164 0 0 164 0 0 164 0 0 124 0 0 100 0 0 88 0 0 64 0 0 100 0 0 64 0 0 64 0 0 64 0 0 64 0 0 64 0 0 64 0 0 64 0 0 64 0 0 0 32 32 32 0 0 176 0 0 188 0 0 164 0 0 124 0 0 164 0 0 124 0 0 112 0 0 88 0 0 88 0 0 64 0 0 64 0 0 100 0 0 88 0 0 64 0 0 0 32 32 32 0 0 164 0 0 124 0 0 136 0 0 164 0 0 124 0 0 124 0 0 88 0 0 124 0 0 100 0 0 100 0 0 100 0 0 88 0 0 100 0 0 88 0 0 112 0 0 112 0 0 124 0 0 124 0 0 76 0 0 64 0 0 64 0 0 100 0 0 124 0 0 124 84 84 84
0 0 136 0 0 188 0 0 164 0 0 112 0 0 0 32 32 32 0 0 0 0 0 0 0 0 0 0 0 0 0 0 0 0 0 0 0 0 0 0 0 0 0 0 0 0 0 0 0 0 0 0 0 0 0 0 0 0 0 0 0 0 0 0 0 0 32 32 32 0 0 176 0 0 188 0 0 164 0 0 124 0 0 124 0 0 88 0 0 112 0 0 112 0 0 100 0 0 64 0 0 64 0 0 100 0 0 76 0 0 64 0 0 0 32 32 32 0 0 164 0 0 188 0 0 124 0 0 152 0 0 124 0 0 124 0 0 124 0 0 100 0 0 88 0 0 88 0 0 100 0 0 100 0 0 88 0 0 88 0 0 88 0 0 112 0 0 112 0 0 100 0 0 100 0 0 88 0 0 76 0 0 64 0 0 124 0 0 124 84 84 84
0 0 136 0 0 188 0 0 136 0 0 112 0 0 0 32 32 32 32 32 32 32 32 32 32 32 32 32 32 32 32 32 32 32 32 32 32 32 32 32 32 32 32 32 32 32 32 32 32 32 32 32 32 32 32 32 32 32 32 32 32 32 32 32 32 32 32 32 32 0 0 176 0 0 124 0 0 164 0 0 164 0 0 124 0 0 88 0 0 112 0 0 112 0 0 112 0 0 88 0 0 100 0 0 100 0 0 76 0 0 64 0 0 0 32 32 32 0 0 164 0 0 152 0 0 136 0 0 152 0 0 112 0 0 124 0 0 124 0 0 88 0 0 88 0 0 88 0 0 112 0 0 112 0 0 76 0 0 88 0 0 76 0 0 100 0 0 88 0 0 88 0 0 64 0 0 64 0 0 88 0 0 76 0 0 88 0 0 124 84 84 84
0 0 136 0 0 188 0 0 152 0 0 88 0 0 0 32 32 32 0 0 164 0 0 164 0 0 164 0 0 164 0 0 164 0 0 164 0 0 164 0 0 164 0 0 164 0 0 164 0 0 152 0 0 152 0 0 152 0 0 152 0 0 152 0 0 0 32 32 32 0 0 152 0 0 164 0 0 124 0 0 88 0 0 88 0 0 88 0 0 88 0 0 112 0 0 112 0 0 64 0 0 100 0 0 76 0 0 76 0 0 64 0 0 0 32 32 32 0 0 164 0 0 164 0 0 152 0 0 124 0 0 152 0 0 124 0 0 124 0 0 76 0 0 64 0 0 64 0 0 88 0 0 112 0 0 76 0 0 64 0 0 64 0 0 88 0 0 88 0 0 88 0 0 64 0 0 64 0 0 64 0 0 64 0 0 88 0 0 124 84 84 84
0 0 136 0 0 188 0 0 164 0 0 112 0 0 0 32 32 32 0 0 164 0 0 152 0 0 152 0 0 164 0 0 164 0 0 124 0 0 136 0 0 164 0 0 124 0 0 164 0 0 164 0 0 152 0 0 152 0 0 124 0 0 124 0 0 0 32 32 32 0 0 164 0 0 88 0 0 88 0 0 88 0 0 88 0 0 100 0 0 88 0 0 64 0 0 64 0 0 64 0 0 64 0 0 64 0 0 64 0 0 64 0 0 0 32 32 32 0 0 164 0 0 124 0 0 124 0 0 100 0 0 100 0 0 100 0 0 100 0 0 76 0 0 64 0 0 64 0 0 76 0 0 100 0 0 76 0 0 64 0 0 64 0 0 100 0 0 64 0 0 64 0 0 64 0 0 64 0 0 64 0 0 88 0 0 112 0 0 124 84 84 84
0 0 136 0 0 188 0 0 188 0 0 136 0 0 0 32 32 32 0 0 164 0 0 152 0 0 152 0 0 152 0 0 152 0 0 136 0 0 136 0 0 136 0 0 152 0 0 164 0 0 152 0 0 124 0 0 88 0 0 88 0 0 100 0 0 0 32 32 32 32 32 32 0 0 0 0 0 0 0 0 0 0 0 0 0 0 0 0 0 0 0 0 0 0 0 0 0 0 0 0 0 0 0 0 0 0 0 0 0 0 0 0 0 0 32 32 32 32 32 32 0 0 0 0 0 0 0 0 0 0 0 0 0 0 0 0 0 0 0 0 0 0 0 0 0 0 0 0 0 0 0 0 0 0 0 0 0 0 0 0 0 0 0 0 0 0 0 0 0 0 0 0 0 0 0 0 0 0 0 0 0 0 0 32 32 32 56 56 56 84 84 84
0 0 136 0 0 188 0 0 188 0 0 136 0 0 0 32 32 32 0 0 164 0 0 136 0 0 152 0 0 124 0 0 124 0 0 152 0 0 136 0 0 136 0 0 164 0 0 152 0 0 164 0 0 112 0 0 88 0 0 100 0 0 88 0 0 0 32 32 32 32 32 32 32 32 32 32 32 32 32 32 32 32 32 32 32 32 32 32 32 32 32 32 32 32 32 32 32 32 32 32 32 32 32 32 32 32 32 32 32 32 32 32 32 32 32 32 32 32 32 32 32 32 32 32 32 32 32 32 32 32 32 32 32 32 32 32 32 32 32 32 32 32 32 32 32 32 32 32 32 32 32 32 32 32 32 32 32 32 32 32 32 32 32 32 32 32 32 32 32 32 32 32 32 32 32 32 32 32 32 32 32 32 32 32 32 32 56 56 56 84 84 84
0 0 136 0 0 188 0 0 164 0 0 112 0 0 0 32 32 32 0 0 152 0 0 152 0 0 124 0 0 124 0 0 164 0 0 124 0 0 112 0 0 112 0 0 88 0 0 164 0 0 152 0 0 124 0 0 88 0 0 88 0 0 88 0 0 0 0 0 176 0 0 176 0 0 176 0 0 176 0 0 176 0 0 176 0 0 176 0 0 176 0 0 176 0 0 176 0 0 176 0 0 176 0 0 176 0 0 176 0 0 176 0 0 164 0 0 164 0 0 164 0 0 164 0 0 164 0 0 164 0 0 164 0 0 164 0 0 136 0 0 0 32 32 32 0 0 176 0 0 176 0 0 176 0 0 176 0 0 176 0 0 176 0 0 176 0 0 176 0 0 176 0 0 188 0 0 188 0 0 188 0 0 188 0 0 188 0 0 188 84 84 84
0 0 136 0 0 188 0 0 152 0 0 100 0 0 0 32 32 32 0 0 152 0 0 124 0 0 124 0 0 88 0 0 124 0 0 88 0 0 112 0 0 112 0 0 88 0 0 88 0 0 112 0 0 112 0 0 100 0 0 88 0 0 64 0 0 0 0 0 176 0 0 200 0 0 200 0 0 200 0 0 176 0 0 200 0 0 200 0 0 200 0 0 176 0 0 176 0 0 176 0 0 164 0 0 200 0 0 200 0 0 200 0 0 176 0 0 176 0 0 176 0 0 200 0 0 164 0 0 200 0 0 176 0 0 164 0 0 124 0 0 0 32 32 32 0 0 176 0 0 176 0 0 164 0 0 188 0 0 152 0 0 188 0 0 176 0 0 176 0 0 176 0 0 188 0 0 176 0 0 176 0 0 188 0 0 164 0 0 136 84 84 84
0 0 136 0 0 188 0 0 112 0 0 112 0 0 0 32 32 32 0 0 100 0 0 100 0 0 100 0 0 88 0 0 88 0 0 88 0 0 100 0 0 100 0 0 88 0 0 100 0 0 100 0 0 88 0 0 64 0 0 64 0 0 64 0 0 0 0 0 176 0 0 176 0 0 176 0 0 200 0 0 164 0 0 164 0 0 200 0 0 200 0 0 200 0 0 164 0 0 200 0 0 200 0 0 164 0 0 164 0 0 164 0 0 164 0 0 176 0 0 164 0 0 164 0 0 164 0 0 164 0 0 136 0 0 112 0 0 124 0 0 0 32 32 32 0 0 176 0 0 164 0 0 176 0 0 188 0 0 188 0 0 176 0 0 164 0 0 152 0 0 188 0 0 176 0 0 164 0 0 164 0 0 188 0 0 164 0 0 136 84 84 84
56 56 56 32 32 32 0 0 0 0 0 0 0 0 0 32 32 32 32 32 32 0 0 0 0 0 0 0 0 0 0 0 0 0 0 0 0 0 0 0 0 0 0 0 0 0 0 0 0 0 0 0 0 0 0 0 0 0 0 0 0 0 0 0 0 0 0 0 176 0 0 200 0 0 200 0 0 200 0 0 200 0 0 164 0 0 164 0 0 152 0 0 152 0 0 136 0 0 136 0 0 164 0 0 164 0 0 152 0 0 124 0 0 124 0 0 164 0 0 188 0 0 164 0 0 164 0 0 124 0 0 112 0 0 100 0 0 88 0 0 0 32 32 32 0 0 176 0 0 164 0 0 212 0 0 212 0 0 152 0 0 152 0 0 152 0 0 164 0 0 176 0 0 136 0 0 136 0 0 188 0 0 152 0 0 124 0 0 124 84 84 84
56 56 56 32 32 32 32 32 32 32 32 32 32 32 32 32 32 32 32 32 32 32 32 32 32 32 32 32 32 32 32 32 32 32 32 32 32 32 32 32 32 32 32 32 32 32 32 32 32 32 32 32 32 32 32 32 32 32 32 32 32 32 32 0 0 0 0 0 176 0 0 164 0 0 200 0 0 200 0 0 164 0 0 164 0 0 164 0 0 152 0 0 152 0 0 176 0 0 176 0 0 136 0 0 152 0 0 124 0 0 152 0 0 100 0 0 124 0 0 164 0 0 188 0 0 136 0 0 112 0 0 100 0 0 112 0 0 88 0 0 0 32 32 32 0 0 188 0 0 176 0 0 212 0 0 200 0 0 200 0 0 152 0 0 152 0 0 152 0 0 136 0 0 164 0 0 164 0 0 164 0 0 164 0 0 152 0 0 124 84 84 84
0 0 112 0 0 176 0 0 176 0 0 176 0 0 176 0 0 176 0 0 176 0 0 176 0 0 176 0 0 188 0 0 188 0 0 188 0 0 188 0 0 188 0 0 0 32 32 32 0 0 164 0 0 164 0 0 164 0 0 164 0 0 164 0 0 0 0 0 176 0 0 164 0 0 164 0 0 164 0 0 136 0 0 164 0 0 136 0 0 164 0 0 152 0 0 164 0 0 176 0 0 152 0 0 88 0 0 152 0 0 152 0 0 124 0 0 88 0 0 124 0 0 136 0 0 136 0 0 88 0 0 88 0 0 88 0 0 88 0 0 0 32 32 32 0 0 188 0 0 176 0 0 176 0 0 200 0 0 200 0 0 152 0 0 152 0 0 152 0 0 176 0 0 176 0 0 164 0 0 164 0 0 124 0 0 164 0 0 124 84 84 84
0 0 124 0 0 176 0 0 188 0 0 176 0 0 164 0 0 188 0 0 152 0 0 152 0 0 188 0 0 124 0 0 124 0 0 188 0 0 124 0 0 124 0 0 0 32 32 32 0 0 164 0 0 176 0 0 176 0 0 136 0 0 88 0 0 0 0 0 176 0 0 164 0 0 152 0 0 136 0 0 164 0 0 136 0 0 124 0 0 164 0 0 164 0 0 164 0 0 152 0 0 152 0 0 112 0 0 112 0 0 124 0 0 124 0 0 100 0 0 100 0 0 88 0 0 88 0 0 88 0 0 112 0 0 88 0 0 100 0 0 0 32 32 32 0 0 188 0 0 176 0 0 176 0 0 176 0 0 176 0 0 164 0 0 164 0 0 164 0 0 176 0 0 176 0 0 176 0 0 124 0 0 124 0 0 124 0 0 124 84 84 84
0 0 124 0 0 176 0 0 164 0 0 164 0 0 176 0 0 164 0 0 152 0 0 152 0 0 164 0 0 124 0 0 188 0 0 124 0 0 112 0 0 124 0 0 0 32 32 32 0 0 164 0 0 136 0 0 176 0 0 124 0 0 100 0 0 0 0 0 176 0 0 152 0 0 136 0 0 124 0 0 100 0 0 100 0 0 112 0 0 88 0 0 88 0 0 100 0 0 100 0 0 88 0 0 100 0 0 88 0 0 100 0 0 100 0 0 64 0 0 64 0 0 64 0 0 64 0 0 64 0 0 64 0 0 64 0 0 64 0 0 0 32 32 32 0 0 188 0 0 176 0 0 176 0 0 176 0 0 176 0 0 164 0 0 124 0 0 124 0 0 152 0 0 176 0 0 176 0 0 136 0 0 112 0 0 124 0 0 124 84 84 84
0 0 124 0 0 176 0 0 152 0 0 164 0 0 188 0 0 176 0 0 164 0 0 164 0 0 152 0 0 152 0 0 164 0 0 124 0 0 100 0 0 112 0 0 0 32 32 32 0 0 164 0 0 124 0 0 124 0 0 88 0 0 88 0 0 0 32 32 32 0 0 0 0 0 0 0 0 0 0 0 0 0 0 0 0 0 0 0 0 0 0 0 0 0 0 0 0 0 0 0 0 0 0 0 0 0 0 0 0 0 0 0 0 0 0 0 0 0 0 0 0 0 0 0 0 0 0 0 0 0 0 0 0 0 0 0 0 0 0 0 0 32 32 32 0 0 188 0 0 164 0 0 152 0 0 136 0 0 164 0 0 124 0 0 112 0 0 112 0 0 124 0 0 152 0 0 152 0 0 112 0 0 124 0 0 124 0 0 124 84 84 84
0 0 124 0 0 176 0 0 164 0 0 124 0 0 188 0 0 164 0 0 124 0 0 112 0 0 164 0 0 164 0 0 124 0 0 100 0 0 124 0 0 88 0 0 0 32 32 32 0 0 0 0 0 0 0 0 0 0 0 0 0 0 0 32 32 32 32 32 32 32 32 32 32 32 32 32 32 32 32 32 32 32 32 32 32 32 32 32 32 32 32 32 32 32 32 32 32 32 32 32 32 32 32 32 32 32 32 32 32 32 32 32 32 32 32 32 32 32 32 32 32 32 32 32 32 32 32 32 32 32 32 32 32 32 32 32 32 32 32 32 32 32 32 32 0 0 188 0 0 136 0 0 164 0 0 136 0 0 164 0 0 124 0 0 100 0 0 100 0 0 100 0 0 124 0 0 124 0 0 112 0 0 124 0 0 124 0 0 124 84 84 84
0 0 124 0 0 176 0 0 176 0 0 152 0 0 176 0 0 124 0 0 136 0 0 136 0 0 164 0 0 164 0 0 152 0 0 100 0 0 100 0 0 88 0 0 0 32 32 32 0 0 188 0 0 188 0 0 188 0 0 188 0 0 188 0 0 188 0 0 188 0 0 188 0 0 188 0 0 188 0 0 188 0 0 188 0 0 188 0 0 188 0 0 188 0 0 188 0 0 188 0 0 188 0 0 188 0 0 188 0 0 188 0 0 188 0 0 188 0 0 188 0 0 0 0 0 136 0 0 152 0 0 152 0 0 152 0 0 136 0 0 136 32 32 32 0 0 188 0 0 188 0 0 164 0 0 164 0 0 124 0 0 124 0 0 124 0 0 112 0 0 152 0 0 152 0 0 124 0 0 124 0 0 112 0 0 124 0 0 124 84 84 84
0 0 124 0 0 176 0 0 176 0 0 164 0 0 164 0 0 124 0 0 136 0 0 136 0 0 136 0 0 152 0 0 152 0 0 124 0 0 124 0 0 88 0 0 0 32 32 32 0 0 188 0 0 188 0 0 164 0 0 188 0 0 188 0 0 188 0 0 164 0 0 176 0 0 188 0 0 176 0 0 188 0 0 188 0 0 164 0 0 164 0 0 188 0 0 136 0 0 136 0 0 188 0 0 164 0 0 164 0 0 152 0 0 152 0 0 188 0 0 152 0 0 0 0 0 152 0 0 152 0 0 124 0 0 112 0 0 124 0 0 112 32 32 32 0 0 188 0 0 164 0 0 164 0 0 152 0 0 124 0 0 124 0 0 88 0 0 124 0 0 152 0 0 152 0 0 124 0 0 124 0 0 100 0 0 112 0 0 124 84 84 84
0 0 124 0 0 176 0 0 152 0 0 164 0 0 124 0 0 100 0 0 100 0 0 136 0 0 136 0 0 88 0 0 88 0 0 124 0 0 124 0 0 88 0 0 0 32 32 32 0 0 188 0 0 164 0 0 176 0 0 188 0 0 176 0 0 164 0 0 164 0 0 152 0 0 152 0 0 188 0 0 188 0 0 188 0 0 164 0 0 164 0 0 152 0 0 136 0 0 136 0 0 124 0 0 164 0 0 164 0 0 164 0 0 136 0 0 136 0 0 152 0 0 0 0 0 136 0 0 124 0 0 112 0 0 124 0 0 112 0 0 88 32 32 32 0 0 188 0 0 164 0 0 152 0 0 124 0 0 124 0 0 88 0 0 88 0 0 88 0 0 88 0 0 124 0 0 124 0 0 88 0 0 64 0 0 112 0 0 124 84 84 84
0 0 112 0 0 176 0 0 124 0 0 88 0 0 124 0 0 88 0 0 100 0 0 100 0 0 64 0 0 64 0 0 64 0 0 64 0 0 64 0 0 64 0 0 0 32 32 32 0 0 188 0 0 176 0 0 176 0 0 176 0 0 176 0 0 164 0 0 152 0 0 152 0 0 152 0 0 164 0 0 164 0 0 176 0 0 188 0 0 176 0 0 152 0 0 152 0 0 124 0 0 124 0 0 152 0 0 152 0 0 164 0 0 136 0 0 136 0 0 124 0 0 0 0 0 136 0 0 124 0 0 112 0 0 88 0 0 88 0 0 100 32 32 32 0 0 188 0 0 124 0 0 124 0 0 100 0 0 88 0 0 100 0 0 100 0 0 88 0 0 64 0 0 64 0 0 64 0 0 64 0 0 100 0 0 124 0 0 124 84 84 84
44 44 44 32 32 32 0 0 0 0 0 0 0 0 0 0 0 0 0 0 0 0 0 0 0 0 0 0 0 0 0 0 0 0 0 0 0 0 0 0 0 0 0 0 0 32 32 32 0 0 188 0 0 188 0 0 176 0 0 176 0 0 176 0 0 152 0 0 152 0 0 152 0 0 152 0 0 164 0 0 164 0 0 176 0 0 176 0 0 176 0 0 124 0 0 152 0 0 124 0 0 124 0 0 152 0 0 136 0 0 124 0 0 124 0 0 124 0 0 136 0 0 0 0 0 0 0 0 0 0 0 0 0 0 0 0 0 0 0 0 0 0 0 0 0 0 0 0 0 0 0 0 0 0 0 0 0 0 0 0 0 0 0 0 0 0 0 0 0 0 0 0 0 0 0 0 0 0 0 0 0 0 0 0 0 0 32 32 32 56 56 56
