108 0 112 92 64 32 108 72 36 92 64 32 132 0 132 132 0 132 108 0 112 132 0 132 108 0 112 88 0 88 88 0 88 88 0 88 88 0 88 88 0 88 88 0 88 88 0 88 88 0 88 88 0 88 88 0 88 88 0 88 108 0 112 108 72 36 108 72 36 92 64 32 92 64 32 88 0 88 88 0 88 132 0 132 88 0 88 88 0 88 108 0 112 108 0 112 88 0 88 88 0 88 88 0 88 132 0 132 88 0 88 88 0 88 88 0 88 88 0 88 88 0 88 88 0 88 80 0 80 80 0 80 80 0 80 80 0 80 80 0 80 72 0 72 80 0 80 80 0 80 72 0 72 64 0 64 72 0 72 80 0 80 72 0 72 72 0 72 72 0 72 80 0 80 80 0 80 80 0 80 64 48 24 64 48 24 64 48 24 100 100 100
108 0 112 132 0 132 92 64 32 92 64 32 92 64 32 92 64 32 132 0 132 132 0 132 132 0 132 108 0 112 88 0 88 88 0 88 88 0 88 88 0 88 88 0 88 88 0 88 88 0 88 88 0 88 88 0 88 88 0 88 108 0 112 132 0 132 108 72 36 92 64 32 84 60 28 88 0 88 88 0 88 132 0 132 108 0 112 108 0 112 132 0 132 132 0 132 132 0 132 108 0 112 108 0 112 88 0 88 88 0 88 88 0 88 88 0 88 88 0 88 88 0 88 88 0 88 88 0 88 88 0 88 88 0 88 88 0 88 88 0 88 80 0 80 72 0 72 72 0 72 64 0 64 64 0 64 64 0 64 64 0 64 64 0 64 72 0 72 72 0 72 72 0 72 72 0 72 72 0 72 80 0 80 64 48 24 64 48 24 72 72 72
108 0 112 132 0 132 132 0 132 92 64 32 72 56 24 72 56 24 92 64 32 92 64 32 92 64 32 92 64 32 64 48 24 64 48 24 64 48 24 64 48 24 88 0 88 88 0 88 88 0 88 88 0 88 88 0 88 88 0 88 108 0 112 132 0 132 92 64 32 108 72 36 84 60 28 72 56 24 88 0 88 132 0 132 108 0 112 132 0 132 108 0 112 108 0 112 108 0 112 132 0 132 132 0 132 132 0 132 132 0 132 108 0 112 132 0 132 108 0 112 88 0 88 108 0 112 108 0 112 132 0 132 132 0 132 108 0 112 88 0 88 88 0 88 80 0 80 80 0 80 72 0 72 64 0 64 64 0 64 64 0 64 72 0 72 72 0 72 72 0 72 72 0 72 72 0 72 72 0 72 80 0 80 64 48 24 64 48 24 56 56 56
64 0 64 108 0 112 132 0 132 132 0 132 108 0 112 132 0 132 108 0 112 132 0 132 108 0 112 88 0 88 108 0 112 108 0 112 108 0 112 108 0 112 108 0 112 108 0 112 108 0 112 108 0 112 108 0 112 88 0 88 88 0 88 108 0 112 132 0 132 72 56 24 72 56 24 64 48 24 72 56 24 84 60 28 92 64 32 108 72 36 92 64 32 84 60 28 72 56 24 84 60 28 108 72 36 92 64 32 72 56 24 72 56 24 108 0 112 88 0 88 108 0 112 132 0 132 108 72 36 92 64 32 84 60 28 84 60 28 72 56 24 72 56 24 64 48 24 64 48 24 56 44 20 56 44 20 64 0 64 56 44 20 72 0 72 72 0 72 72 0 72 80 0 80 80 0 80 80 0 80 108 0 112 132 0 132 64 48 24 64 48 24
64 0 64 64 0 64 132 0 132 108 0 112 132 0 132 132 0 132 132 0 132 108 0 112 88 0 88 108 0 112 108 0 112 132 0 132 132 0 132 156 0 156 132 0 132 132 0 132 132 0 132 108 0 112 108 0 112 108 0 112 88 0 88 88 0 88 108 0 112 108 0 112 108 0 112 64 48 24 72 56 24 84 60 28 92 64 32 92 64 32 92 64 32 84 60 28 72 56 24 84 60 28 92 64 32 72 56 24 72 56 24 108 0 112 88 0 88 88 0 88 108 0 112 108 72 36 92 64 32 108 0 112 108 0 112 108 0 112 108 0 112 108 0 112 108 0 112 80 0 80 72 0 72 72 0 72 64 0 64 72 0 72 80 0 80 80 0 80 88 0 88 88 0 88 88 0 88 84 60 28 108 72 36 108 72 36 92 64 32 64 48 24
64 0 64 64 0 64 108 0 112 88 0 88 108 0 112 108 0 112 108 0 112 108 0 112 108 0 112 132 0 132 132 0 132 132 0 132 156 0 156 132 0 132 108 72 36 108 72 36 108 72 36 108 72 36 108 72 36 108 0 112 108 0 112 108 0 112 88 0 88 88 0 88 132 0 132 108 0 112 108 0 112 88 0 88 88 0 88 132 0 132 108 0 112 132 0 132 132 0 132 108 0 112 108 0 112 108 0 112 108 0 112 88 0 88 80 0 80 88 0 88 108 0 112 108 72 36 92 64 32 108 0 112 132 0 132 88 0 88 132 0 132 132 0 132 108 0 112 88 0 88 80 0 80 64 0 64 72 0 72 80 0 80 88 0 88 108 0 112 108 0 112 108 0 112 108 0 112 108 72 36 108 72 36 80 0 80 108 0 112 64 48 24
64 0 64 64 0 64 64 0 64 88 0 88 88 0 88 108 0 112 132 0 132 108 0 112 132 0 132 132 0 132 156 0 156 156 0 156 156 0 156 108 72 36 108 72 36 92 64 32 108 0 112 108 0 112 108 0 112 132 0 132 132 0 132 108 0 112 88 0 88 88 0 88 108 0 112 108 0 112 88 0 88 132 0 132 108 0 112 88 0 88 88 0 88 108 0 112 88 0 88 108 0 112 132 0 132 132 0 132 108 0 112 88 0 88 80 0 80 80 0 80 108 0 112 132 0 132 84 60 28 84 60 28 84 60 28 84 60 28 132 0 132 132 0 132 108 0 112 88 0 88 80 0 80 72 0 72 80 0 80 88 0 88 108 0 112 132 0 132 132 0 132 132 0 132 132 0 132 108 72 36 92 64 32 108 0 112 132 0 132 64 48 24
64 0 64 88 0 88 88 0 88 88 0 88 88 0 88 88 0 88 108 0 112 132 0 132 92 64 32 116 76 40 116 76 40 116 76 40 108 0 112 108 72 36 92 64 32 108 0 112 132 0 132 156 0 156 156 0 156 108 0 112 88 0 88 88 0 88 88 0 88 108 0 112 108 0 112 132 0 132 108 0 112 108 0 112 88 0 88 80 0 80 108 0 112 132 0 132 108 0 112 108 0 112 132 0 132 108 0 112 88 0 88 80 0 80 80 0 80 80 0 80 88 0 88 108 0 112 108 0 112 88 0 88 132 0 132 108 0 112 108 0 112 108 0 112 88 0 88 88 0 88 80 0 80 72 0 72 80 0 80 88 0 88 132 0 132 156 0 156 156 0 156 156 0 156 84 60 28 108 72 36 92 64 32 132 0 132 88 0 88 64 48 24
88 0 88 108 0 112 108 0 112 88 0 88 88 0 88 108 0 112 132 0 132 92 64 32 116 76 40 116 76 40 108 72 36 92 64 32 92 64 32 108 72 36 108 0 112 132 0 132 156 0 156 132 0 132 88 0 88 88 0 88 88 0 88 108 0 112 88 0 88 132 0 132 132 0 132 132 0 132 108 0 112 88 0 88 80 0 80 80 0 80 88 0 88 108 0 112 88 0 88 88 0 88 88 0 88 88 0 88 88 0 88 80 0 80 80 0 80 80 0 80 108 0 112 132 0 132 108 0 112 88 0 88 108 0 112 108 0 112 132 0 132 132 0 132 108 0 112 88 0 88 88 0 88 80 0 80 88 0 88 108 0 112 132 0 132 156 0 156 156 0 156 88 0 88 84 60 28 108 0 112 108 72 36 84 60 28 72 56 24 64 48 24
108 0 112 132 0 132 108 0 112 88 0 88 88 0 88 108 0 112 132 0 132 116 76 40 116 76 40 108 72 36 92 64 32 92 64 32 72 56 24 92 64 32 108 0 112 156 0 156 132 0 132 88 0 88 108 0 112 132 0 132 108 0 112 88 0 88 108 0 112 132 0 132 132 0 132 132 0 132 108 0 112 88 0 88 80 0 80 80 0 80 88 0 88 88 0 88 88 0 88 108 0 112 132 0 132 132 0 132 108 0 112 108 0 112 88 0 88 80 0 80 88 0 88 108 0 112 88 0 88 108 0 112 132 0 132 132 0 132 132 0 132 132 0 132 132 0 132 108 0 112 88 0 88 80 0 80 88 0 88 108 0 112 132 0 132 92 64 32 108 72 36 84 60 28 64 48 24 132 0 132 108 0 112 132 0 132 64 48 24 64 48 24
132 0 132 108 0 112 88 0 88 108 0 112 88 0 88 132 0 132 132 0 132 132 0 132 108 72 36 92 64 32 92 64 32 72 56 24 64 48 24 64 48 24 108 0 112 156 0 156 108 0 112 88 0 88 132 0 132 108 0 112 108 0 112 88 0 88 132 0 132 132 0 132 132 0 132 108 0 112 88 0 88 72 56 24 72 56 24 80 0 80 88 0 88 108 0 112 132 0 132 156 0 156 156 0 156 132 0 132 132 0 132 132 0 132 108 0 112 88 0 88 80 0 80 88 0 88 108 0 112 132 0 132 132 0 132 132 0 132 108 0 112 108 0 112 108 0 112 88 0 88 108 0 112 88 0 88 88 0 88 132 0 132 108 72 36 108 72 36 88 0 88 108 0 112 84 60 28 108 0 112 108 0 112 88 0 88 64 48 24 64 48 24
88 0 88 108 0 112 108 0 112 108 0 112 88 0 88 132 0 132 132 0 132 108 72 36 92 64 32 92 64 32 84 60 28 72 56 24 108 0 112 80 0 80 108 0 112 132 0 132 108 0 112 64 0 64 88 0 88 88 0 88 132 0 132 108 0 112 88 0 88 108 0 112 108 0 112 88 0 88 72 56 24 84 60 28 108 0 112 88 0 88 108 0 112 132 0 132 180 0 180 180 0 180 156 0 156 156 0 156 132 0 132 132 0 132 108 0 112 108 0 112 88 0 88 108 0 112 108 0 112 132 0 132 108 72 36 92 64 32 84 60 28 88 0 88 88 0 88 88 0 88 108 0 112 88 0 88 88 0 88 132 0 132 108 72 36 84 60 28 108 0 112 132 0 132 84 60 28 108 0 112 132 0 132 108 0 112 64 48 24 64 48 24
108 0 112 88 0 88 108 0 112 88 0 88 80 0 80 132 0 132 108 72 36 92 64 32 84 60 28 84 60 28 72 56 24 72 56 24 64 48 24 64 48 24 56 44 20 56 44 20 56 44 20 56 44 20 56 44 20 56 44 20 108 0 112 132 0 132 88 0 88 88 0 88 80 0 80 64 0 64 108 72 36 84 60 28 108 0 112 108 0 112 108 0 112 156 0 156 180 0 180 156 0 156 92 64 32 108 0 112 108 0 112 132 0 132 132 0 132 108 0 112 108 0 112 132 0 132 132 0 132 132 0 132 108 72 36 132 0 132 88 0 88 132 0 132 88 0 88 88 0 88 80 0 80 88 0 88 88 0 88 132 0 132 108 72 36 84 60 28 108 0 112 108 0 112 132 0 132 108 0 112 132 0 132 64 48 24 72 56 24 64 48 24
64 0 64 88 0 88 108 0 112 88 0 88 72 0 72 132 0 132 108 0 112 108 0 112 108 0 112 108 0 112 108 0 112 108 0 112 88 0 88 80 0 80 72 0 72 64 0 64 64 0 64 64 0 64 72 0 72 80 0 80 88 0 88 108 0 112 64 0 64 64 0 64 64 0 64 80 0 80 108 72 36 92 64 32 92 64 32 72 56 24 64 48 24 156 0 156 156 0 156 92 64 32 92 64 32 92 64 32 72 56 24 72 56 24 108 0 112 88 0 88 132 0 132 132 0 132 132 0 132 108 72 36 108 72 36 108 72 36 132 0 132 88 0 88 80 0 80 108 0 112 88 0 88 108 0 112 88 0 88 132 0 132 108 72 36 84 60 28 108 0 112 132 0 132 108 0 112 108 0 112 64 48 24 72 56 24 92 64 32 64 48 24
64 0 64 64 0 64 88 0 88 64 0 64 72 0 72 132 0 132 108 0 112 88 0 88 88 0 88 88 0 88 88 0 88 88 0 88 108 0 112 80 0 80 80 0 80 80 0 80 80 0 80 80 0 80 80 0 80 88 0 88 108 0 112 88 0 88 64 0 64 64 0 64 84 60 28 108 72 36 108 72 36 88 0 88 108 0 112 132 0 132 72 56 24 132 0 132 92 64 32 92 64 32 72 56 24 72 56 24 72 56 24 72 56 24 72 56 24 72 56 24 132 0 132 132 0 132 108 72 36 108 72 36 92 64 32 88 0 88 80 0 80 80 0 80 108 0 112 88 0 88 80 0 80 108 0 112 88 0 88 132 0 132 108 72 36 84 60 28 84 60 28 108 0 112 132 0 132 108 0 112 64 48 24 72 56 24 92 64 32 64 48 24
64 0 64 64 0 64 64 0 64 72 0 72 80 0 80 108 0 112 132 0 132 108 0 112 88 0 88 88 0 88 108 0 112 108 0 112 88 0 88 92 64 32 92 64 32 92 64 32 108 72 36 108 72 36 132 0 132 108 0 112 132 0 132 88 0 88 80 0 80 92 64 32 92 64 32 108 0 112 88 0 88 88 0 88 108 0 112 132 0 132 72 56 24 132 0 132 92 64 32 92 64 32 72 56 24 72 56 24 72 56 24 72 56 24 88 0 88 88 0 88 132 0 132 132 0 132 108 72 36 108 72 36 92 64 32 88 0 88 88 0 88 108 0 112 108 0 112 108 0 112 72 0 72 72 0 72 80 0 80 108 0 112 132 0 132 108 72 36 84 60 28 84 60 28 72 56 24 72 56 24 64 48 24 72 56 24 108 72 36 64 48 24
64 0 64 64 0 64 64 0 64 80 0 80 80 0 80 108 0 112 132 0 132 108 0 112 88 0 88 108 0 112 108 0 112 92 64 32 108 72 36 108 72 36 108 72 36 108 72 36 132 0 132 132 0 132 132 0 132 132 0 132 108 0 112 88 0 88 88 0 88 92 64 32 84 60 28 88 0 88 108 0 112 88 0 88 132 0 132 108 0 112 72 56 24 108 0 112 92 64 32 92 64 32 108 0 112 132 0 132 108 0 112 88 0 88 80 0 80 80 0 80 132 0 132 132 0 132 84 60 28 84 60 28 84 60 28 84 60 28 88 0 88 132 0 132 156 0 156 108 0 112 64 0 64 72 0 72 80 0 80 88 0 88 108 0 112 132 0 132 108 0 112 108 0 112 108 0 112 108 0 112 64 48 24 72 56 24 108 72 36 64 48 24
64 0 64 64 0 64 80 0 80 80 0 80 88 0 88 88 0 88 108 0 112 108 0 112 88 0 88 88 0 88 92 64 32 108 72 36 108 72 36 92 64 32 92 64 32 92 64 32 84 60 28 72 56 24 108 0 112 132 0 132 108 0 112 80 0 80 88 0 88 64 48 24 72 56 24 72 56 24 64 48 24 64 48 24 108 0 112 88 0 88 64 48 24 84 60 28 132 0 132 92 64 32 72 56 24 72 56 24 72 56 24 72 56 24 72 56 24 80 0 80 108 0 112 132 0 132 84 60 28 84 60 28 72 56 24 64 48 24 64 48 24 156 0 156 108 0 112 64 48 24 64 48 24 64 48 24 64 48 24 64 48 24 88 0 88 88 0 88 88 0 88 88 0 88 108 0 112 132 0 132 64 48 24 72 56 24 92 64 32 64 48 24
64 0 64 64 0 64 88 0 88 88 0 88 88 0 88 88 0 88 108 0 112 132 0 132 108 0 112 88 0 88 92 64 32 108 72 36 92 64 32 108 0 112 88 0 88 88 0 88 88 0 88 88 0 88 132 0 132 108 0 112 88 0 88 80 0 80 108 0 112 88 0 88 88 0 88 88 0 88 64 48 24 80 0 80 80 0 80 72 0 72 72 0 72 64 48 24 72 56 24 108 0 112 132 0 132 108 0 112 88 0 88 72 0 72 72 0 72 80 0 80 80 0 80 132 0 132 108 0 112 88 0 88 88 0 88 88 0 88 108 0 112 64 48 24 64 48 24 108 0 112 88 0 88 80 0 80 56 44 20 72 56 24 72 56 24 72 56 24 72 56 24 56 44 20 56 44 20 56 44 20 64 48 24 72 56 24 92 64 32 56 56 56
64 0 64 108 0 112 132 0 132 132 0 132 108 0 112 88 0 88 88 0 88 108 0 112 108 0 112 88 0 88 92 64 32 108 72 36 108 0 112 108 0 112 132 0 132 132 0 132 108 0 112 108 0 112 108 0 112 88 0 88 80 0 80 80 0 80 108 0 112 108 0 112 108 0 112 108 0 112 108 0 112 108 0 112 88 0 88 80 0 80 72 0 72 64 48 24 80 0 80 88 0 88 88 0 88 88 0 88 88 0 88 80 0 80 72 0 72 80 0 80 88 0 88 88 0 88 108 0 112 88 0 88 88 0 88 108 0 112 132 0 132 132 0 132 108 0 112 132 0 132 108 0 112 88 0 88 72 56 24 108 72 36 92 64 32 92 64 32 92 64 32 132 0 132 88 0 88 88 0 88 88 0 88 72 56 24 92 64 32 72 72 72
108 0 112 132 0 132 156 0 156 156 0 156 132 0 132 108 0 112 88 0 88 88 0 88 88 0 88 88 0 88 84 60 28 108 72 36 92 64 32 132 0 132 108 0 112 88 0 88 88 0 88 88 0 88 88 0 88 80 0 80 80 0 80 108 0 112 132 0 132 132 0 132 132 0 132 132 0 132 132 0 132 132 0 132 108 0 112 88 0 88 88 0 88 108 0 112 132 0 132 132 0 132 132 0 132 132 0 132 108 0 112 88 0 88 80 0 80 72 0 72 80 0 80 108 0 112 132 0 132 108 0 112 88 0 88 88 0 88 108 0 112 108 0 112 88 0 88 108 0 112 88 0 88 72 56 24 108 72 36 84 60 28 84 60 28 64 48 24 64 48 24 132 0 132 132 0 132 88 0 88 88 0 88 72 56 24 72 56 24 100 100 100
108 0 112 156 0 156 108 72 36 108 72 36 132 0 132 132 0 132 108 0 112 88 0 88 108 0 112 88 0 88 72 56 24 92 64 32 108 72 36 92 64 32 92 64 32 84 60 28 72 56 24 64 48 24 80 0 80 80 0 80 88 0 88 132 0 132 108 72 36 108 72 36 108 72 36 108 72 36 108 72 36 132 0 132 132 0 132 132 0 132 132 0 132 132 0 132 132 0 132 132 0 132 132 0 132 132 0 132 132 0 132 108 0 112 88 0 88 80 0 80 80 0 80 88 0 88 108 0 112 88 0 88 80 0 80 80 0 80 80 0 80 80 0 80 88 0 88 88 0 88 88 0 88 108 72 36 84 60 28 84 60 28 64 48 24 72 0 72 72 0 72 88 0 88 132 0 132 88 0 88 132 0 132 64 48 24 72 56 24 100 100 100
108 0 112 108 72 36 108 72 36 92 64 32 108 0 112 108 0 112 88 0 88 88 0 88 88 0 88 108 0 112 88 0 88 108 0 112 132 0 132 132 0 132 132 0 132 108 0 112 80 0 80 80 0 80 80 0 80 88 0 88 132 0 132 108 72 36 116 76 40 116 76 40 116 76 40 116 76 40 108 72 36 108 72 36 108 72 36 132 0 132 132 0 132 156 0 156 132 0 132 132 0 132 108 0 112 88 0 88 108 0 112 108 0 112 88 0 88 80 0 80 88 0 88 88 0 88 80 0 80 72 0 72 64 0 64 64 0 64 72 0 72 80 0 80 88 0 88 108 72 36 132 0 132 108 72 36 84 60 28 64 48 24 72 0 72 72 0 72 72 0 72 88 0 88 88 0 88 88 0 88 88 0 88 64 48 24 72 56 24 84 84 84
108 0 112 108 72 36 92 64 32 132 0 132 88 0 88 132 0 132 132 0 132 88 0 88 88 0 88 108 0 112 88 0 88 88 0 88 108 0 112 108 0 112 108 0 112 88 0 88 80 0 80 88 0 88 132 0 132 132 0 132 108 72 36 116 76 40 108 72 36 108 0 112 108 0 112 108 72 36 108 0 112 108 0 112 132 0 132 156 0 156 156 0 156 132 0 132 92 64 32 108 72 36 108 72 36 72 56 24 72 56 24 92 64 32 72 56 24 64 48 24 64 48 24 56 44 20 56 44 20 64 48 24 72 56 24 72 56 24 84 60 28 92 64 32 108 72 36 108 72 36 108 72 36 108 72 36 72 56 24 56 44 20 56 44 20 56 44 20 72 0 72 132 0 132 88 0 88 88 0 88 64 48 24 64 48 24 72 56 24 56 56 56
108 0 112 108 72 36 92 64 32 108 0 112 108 0 112 132 0 132 108 0 112 108 0 112 108 0 112 108 0 112 88 0 88 88 0 88 88 0 88 80 0 80 80 0 80 72 0 72 80 0 80 108 72 36 128 80 44 92 64 32 180 0 180 132 0 132 108 72 36 132 0 132 132 0 132 108 72 36 88 0 88 88 0 88 156 0 156 156 0 156 156 0 156 92 64 32 108 72 36 92 64 32 72 56 24 72 0 72 72 0 72 64 0 64 64 0 64 72 0 72 72 0 72 72 0 72 80 0 80 80 0 80 88 0 88 84 60 28 108 72 36 128 80 44 116 76 40 92 64 32 84 60 28 108 72 36 92 64 32 72 56 24 64 48 24 64 48 24 64 48 24 64 48 24 64 48 24 64 48 24 72 56 24 92 64 32 72 56 24 64 48 24
108 0 112 92 64 32 92 64 32 108 0 112 132 0 132 108 0 112 108 0 112 88 0 88 108 0 112 108 0 112 108 0 112 88 0 88 80 0 80 64 0 64 72 0 72 88 0 88 92 64 32 128 80 44 108 72 36 108 0 112 180 0 180 156 0 156 108 72 36 108 72 36 108 72 36 84 60 28 88 0 88 108 0 112 156 0 156 156 0 156 132 0 132 108 72 36 92 64 32 64 48 24 80 0 80 88 0 88 108 0 112 88 0 88 108 0 112 88 0 88 72 0 72 72 0 72 72 0 72 80 0 80 84 60 28 108 72 36 128 80 44 116 76 40 108 72 36 84 60 28 92 64 32 92 64 32 72 56 24 72 56 24 72 0 72 72 0 72 72 0 72 88 0 88 88 0 88 64 48 24 72 56 24 132 0 132 92 64 32 64 48 24
88 0 88 108 0 112 92 64 32 92 64 32 108 72 36 84 60 28 64 48 24 72 56 24 92 64 32 84 60 28 72 56 24 88 0 88 72 0 72 64 0 64 72 0 72 72 56 24 108 72 36 128 80 44 92 64 32 180 0 180 156 0 156 132 0 132 108 72 36 84 60 28 84 60 28 64 48 24 108 0 112 108 72 36 156 0 156 132 0 132 132 0 132 108 72 36 84 60 28 72 0 72 88 0 88 108 0 112 108 0 112 88 0 88 88 0 88 88 0 88 72 0 72 72 0 72 72 0 72 80 0 80 84 60 28 108 72 36 116 76 40 116 76 40 108 72 36 108 72 36 92 64 32 72 56 24 92 64 32 92 64 32 72 56 24 72 56 24 72 0 72 132 0 132 88 0 88 64 48 24 72 56 24 92 64 32 108 72 36 64 48 24
64 0 64 88 0 88 88 0 88 108 0 112 108 0 112 80 0 80 88 0 88 88 0 88 108 0 112 88 0 88 80 0 80 80 0 80 72 0 72 72 0 72 80 0 80 72 56 24 108 72 36 128 80 44 92 64 32 156 0 156 132 0 132 108 72 36 92 64 32 84 60 28 64 48 24 64 48 24 108 0 112 108 72 36 156 0 156 132 0 132 108 0 112 84 60 28 72 56 24 72 56 24 88 0 88 88 0 88 88 0 88 72 0 72 72 0 72 132 0 132 108 0 112 72 0 72 72 0 72 80 0 80 84 60 28 92 64 32 108 72 36 108 72 36 92 64 32 84 60 28 72 56 24 92 64 32 92 64 32 72 56 24 72 56 24 72 56 24 88 0 88 88 0 88 88 0 88 64 48 24 72 56 24 92 64 32 116 76 40 64 48 24
64 0 64 64 0 64 88 0 88 88 0 88 80 0 80 88 0 88 92 64 32 108 72 36 92 64 32 92 64 32 72 56 24 72 56 24 64 48 24 80 0 80 88 0 88 72 56 24 92 64 32 128 80 44 92 64 32 132 0 132 132 0 132 84 60 28 64 48 24 88 0 88 88 0 88 108 0 112 132 0 132 108 72 36 156 0 156 132 0 132 92 64 32 64 48 24 84 60 28 84 60 28 72 56 24 72 56 24 64 48 24 64 48 24 64 48 24 108 0 112 88 0 88 72 0 72 72 0 72 80 0 80 84 60 28 92 64 32 92 64 32 108 72 36 108 72 36 92 64 32 84 60 28 84 60 28 72 56 24 72 56 24 64 48 24 64 48 24 64 48 24 64 48 24 64 48 24 64 48 24 72 56 24 92 64 32 128 80 44 64 48 24
64 0 64 64 0 64 80 0 80 80 0 80 88 0 88 92 64 32 108 72 36 92 64 32 92 64 32 92 64 32 88 0 88 108 0 112 80 0 80 80 0 80 88 0 88 88 0 88 92 64 32 108 72 36 92 64 32 156 0 156 84 60 28 84 60 28 88 0 88 108 0 112 132 0 132 132 0 132 132 0 132 84 60 28 84 60 28 84 60 28 84 60 28 84 60 28 108 0 112 72 56 24 72 56 24 64 48 24 64 48 24 64 48 24 64 48 24 64 48 24 56 44 20 56 44 20 64 48 24 72 56 24 92 64 32 108 72 36 108 72 36 108 72 36 108 72 36 108 72 36 92 64 32 84 60 28 72 56 24 72 0 72 88 0 88 108 0 112 88 0 88 88 0 88 108 0 112 108 0 112 72 56 24 92 64 32 116 76 40 64 48 24
64 0 64 64 0 64 64 0 64 80 0 80 92 64 32 108 72 36 108 72 36 84 60 28 88 0 88 108 0 112 132 0 132 132 0 132 80 0 80 88 0 88 108 0 112 108 0 112 72 56 24 92 64 32 108 72 36 92 64 32 132 0 132 64 48 24 108 0 112 132 0 132 88 0 88 84 60 28 84 60 28 64 48 24 64 48 24 64 48 24 64 48 24 108 0 112 156 0 156 156 0 156 132 0 132 108 0 112 80 0 80 72 0 72 72 0 72 64 0 64 64 0 64 64 0 64 64 0 64 80 0 80 132 0 132 156 0 156 132 0 132 108 0 112 108 72 36 108 72 36 92 64 32 72 56 24 72 56 24 88 0 88 132 0 132 132 0 132 108 0 112 108 0 112 88 0 88 108 0 112 64 48 24 84 60 28 108 72 36 64 48 24
64 0 64 64 0 64 64 0 64 80 0 80 92 64 32 108 72 36 84 60 28 88 0 88 132 0 132 132 0 132 108 0 112 88 0 88 80 0 80 80 0 80 132 0 132 108 0 112 88 0 88 88 0 88 84 60 28 84 60 28 84 60 28 84 60 28 64 48 24 88 0 88 64 48 24 72 56 24 72 56 24 64 48 24 108 0 112 88 0 88 108 0 112 156 0 156 132 0 132 132 0 132 108 0 112 88 0 88 72 0 72 72 0 72 88 0 88 72 0 72 72 0 72 72 0 72 88 0 88 88 0 88 132 0 132 156 0 156 180 0 180 156 0 156 132 0 132 108 72 36 92 64 32 72 56 24 72 56 24 88 0 88 108 0 112 132 0 132 132 0 132 132 0 132 108 0 112 88 0 88 64 48 24 84 60 28 108 72 36 64 48 24
64 0 64 64 0 64 80 0 80 88 0 88 92 64 32 108 72 36 84 60 28 88 0 88 108 0 112 132 0 132 108 0 112 108 0 112 80 0 80 80 0 80 132 0 132 108 0 112 108 0 112 88 0 88 88 0 88 72 56 24 84 60 28 64 48 24 88 0 88 64 48 24 64 48 24 72 56 24 64 48 24 72 56 24 108 0 112 156 0 156 132 0 132 108 0 112 108 0 112 88 0 88 72 0 72 72 0 72 88 0 88 108 0 112 88 0 88 72 0 72 72 0 72 88 0 88 108 0 112 88 0 88 88 0 88 132 0 132 156 0 156 132 0 132 156 0 156 132 0 132 108 0 112 92 64 32 72 56 24 108 0 112 108 0 112 132 0 132 132 0 132 108 0 112 88 0 88 88 0 88 64 48 24 84 60 28 92 64 32 64 48 24
64 0 64 64 0 64 80 0 80 88 0 88 132 0 132 92 64 32 92 64 32 84 60 28 72 56 24 64 48 24 64 48 24 64 48 24 72 0 72 80 0 80 108 0 112 108 0 112 88 0 88 108 0 112 88 0 88 64 48 24 72 56 24 64 48 24 64 48 24 64 48 24 72 56 24 64 48 24 72 56 24 84 60 28 72 56 24 132 0 132 132 0 132 108 0 112 132 0 132 108 0 112 88 0 88 88 0 88 88 0 88 88 0 88 72 0 72 88 0 88 88 0 88 88 0 88 108 0 112 88 0 88 88 0 88 88 0 88 108 72 36 92 64 32 132 0 132 156 0 156 132 0 132 108 72 36 92 64 32 108 0 112 88 0 88 132 0 132 132 0 132 108 0 112 72 0 72 88 0 88 64 48 24 72 56 24 92 64 32 64 48 24
64 0 64 80 0 80 88 0 88 80 0 80 108 0 112 132 0 132 132 0 132 108 0 112 132 0 132 108 0 112 80 0 80 72 0 72 72 0 72 88 0 88 80 0 80 80 0 80 72 0 72 72 0 72 80 0 80 88 0 88 88 0 88 64 48 24 64 48 24 84 60 28 72 56 24 64 48 24 88 0 88 84 60 28 84 60 28 64 48 24 64 48 24 64 48 24 88 0 88 108 0 112 108 0 112 108 0 112 88 0 88 88 0 88 88 0 88 88 0 88 108 0 112 108 0 112 88 0 88 88 0 88 88 0 88 88 0 88 72 56 24 108 72 36 92 64 32 132 0 132 132 0 132 132 0 132 92 64 32 84 60 28 72 56 24 64 48 24 56 44 20 56 44 20 72 0 72 72 0 72 64 48 24 72 56 24 92 64 32 64 48 24
64 0 64 88 0 88 80 0 80 88 0 88 88 0 88 108 0 112 108 0 112 88 0 88 108 0 112 64 48 24 64 48 24 64 48 24 88 0 88 80 0 80 80 0 80 72 0 72 72 0 72 72 0 72 72 0 72 80 0 80 88 0 88 88 0 88 72 56 24 92 64 32 72 56 24 84 60 28 88 0 88 132 0 132 132 0 132 88 0 88 88 0 88 88 0 88 108 0 112 108 0 112 132 0 132 132 0 132 108 0 112 132 0 132 88 0 88 108 0 112 132 0 132 132 0 132 88 0 88 108 0 112 108 0 112 108 0 112 108 0 112 72 56 24 92 64 32 92 64 32 92 64 32 92 64 32 92 64 32 84 60 28 72 56 24 64 48 24 64 48 24 56 44 20 56 44 20 56 44 20 56 44 20 72 56 24 92 64 32 64 48 24
88 0 88 108 0 112 108 0 112 108 0 112 88 0 88 88 0 88 88 0 88 64 48 24 64 48 24 108 72 36 84 60 28 84 60 28 84 60 28 84 60 28 72 56 24 72 56 24 72 56 24 64 48 24 64 48 24 64 48 24 64 48 24 72 56 24 84 60 28 108 72 36 84 60 28 84 60 28 108 0 112 156 0 156 132 0 132 108 0 112 88 0 88 108 0 112 132 0 132 132 0 132 132 0 132 132 0 132 132 0 132 88 0 88 108 0 112 132 0 132 132 0 132 108 0 112 80 0 80 88 0 88 108 0 112 132 0 132 132 0 132 132 0 132 108 0 112 72 56 24 72 56 24 72 56 24 92 64 32 92 64 32 72 56 24 56 44 20 56 44 20 72 0 72 80 0 80 108 0 112 64 48 24 64 48 24 92 64 32 64 48 24
108 0 112 132 0 132 132 0 132 132 0 132 108 0 112 88 0 88 64 48 24 84 60 28 108 72 36 84 60 28 108 72 36 72 56 24 72 56 24 72 56 24 72 56 24 88 0 88 88 0 88 108 0 112 108 0 112 108 0 112 108 0 112 108 0 112 72 56 24 92 64 32 84 60 28 72 56 24 84 60 28 84 60 28 84 60 28 84 60 28 84 60 28 108 0 112 132 0 132 132 0 132 108 0 112 108 0 112 88 0 88 88 0 88 108 0 112 132 0 132 108 0 112 88 0 88 80 0 80 88 0 88 108 0 112 132 0 132 132 0 132 108 0 112 132 0 132 108 0 112 80 0 80 72 0 72 72 56 24 92 64 32 72 56 24 56 44 20 72 0 72 80 0 80 108 0 112 88 0 88 88 0 88 64 48 24 84 60 28 64 48 24
132 0 132 132 0 132 132 0 132 108 0 112 132 0 132 108 0 112 72 56 24 108 72 36 116 76 40 72 56 24 108 0 112 108 0 112 132 0 132 132 0 132 132 0 132 132 0 132 132 0 132 132 0 132 108 0 112 132 0 132 108 0 112 88 0 88 88 0 88 88 0 88 84 60 28 84 60 28 84 60 28 108 0 112 108 0 112 108 0 112 88 0 88 108 0 112 132 0 132 132 0 132 88 0 88 88 0 88 88 0 88 108 0 112 88 0 88 88 0 88 88 0 88 88 0 88 80 0 80 80 0 80 88 0 88 108 0 112 108 0 112 132 0 132 108 0 112 108 0 112 88 0 88 80 0 80 72 0 72 72 56 24 84 60 28 84 60 28 72 56 24 64 48 24 64 48 24 64 48 24 64 48 24 64 48 24 84 60 28 64 48 24
132 0 132 132 0 132 132 0 132 132 0 132 108 0 112 72 56 24 108 72 36 116 76 40 116 76 40 128 80 44 128 80 44 128 80 44 108 72 36 108 72 36 108 72 36 108 72 36 108 72 36 88 0 88 88 0 88 88 0 88 88 0 88 88 0 88 88 0 88 88 0 88 108 0 112 84 60 28 72 56 24 84 60 28 84 60 28 84 60 28 84 60 28 84 60 28 84 60 28 84 60 28 84 60 28 84 60 28 84 60 28 108 0 112 108 0 112 108 0 112 88 0 88 108 0 112 88 0 88 80 0 80 88 0 88 108 0 112 132 0 132 108 0 112 132 0 132 108 0 112 88 0 88 88 0 88 80 0 80 64 48 24 72 56 24 72 56 24 64 48 24 56 44 20 56 44 20 56 44 20 56 44 20 56 44 20 72 56 24 64 48 24
108 0 112 132 0 132 108 0 112 108 0 112 88 0 88 72 56 24 108 72 36 116 76 40 128 80 44 128 80 44 116 76 40 108 72 36 108 72 36 92 64 32 88 0 88 132 0 132 132 0 132 132 0 132 88 0 88 84 60 28 88 0 88 88 0 88 108 0 112 108 0 112 108 0 112 64 48 24 64 48 24 72 56 24 84 60 28 84 60 28 84 60 28 84 60 28 84 60 28 84 60 28 64 48 24 64 48 24 64 48 24 64 48 24 64 48 24 88 0 88 88 0 88 88 0 88 80 0 80 72 0 72 80 0 80 88 0 88 108 0 112 108 0 112 108 0 112 108 0 112 108 0 112 88 0 88 88 0 88 88 0 88 72 0 72 80 0 80 88 0 88 80 0 80 72 0 72 72 0 72 72 0 72 108 0 112 72 56 24 64 48 24
88 0 88 108 0 112 132 0 132 108 0 112 88 0 88 92 64 32 116 76 40 116 76 40 128 80 44 116 76 40 108 72 36 108 72 36 92 64 32 84 60 28 84 60 28 84 60 28 84 60 28 84 60 28 84 60 28 84 60 28 84 60 28 84 60 28 84 60 28 108 0 112 108 0 112 132 0 132 64 48 24 64 48 24 72 56 24 72 56 24 72 56 24 72 56 24 72 56 24 72 56 24 72 56 24 88 0 88 88 0 88 108 0 112 88 0 88 64 48 24 64 48 24 80 0 80 72 0 72 72 0 72 80 0 80 88 0 88 88 0 88 88 0 88 108 0 112 132 0 132 108 72 36 108 72 36 84 60 28 72 56 24 64 48 24 64 48 24 88 0 88 88 0 88 108 0 112 80 0 80 108 0 112 132 0 132 72 56 24 64 48 24
88 0 88 132 0 132 108 0 112 88 0 88 92 64 32 108 72 36 108 72 36 116 76 40 116 76 40 116 76 40 108 72 36 92 64 32 84 60 28 88 0 88 108 0 112 88 0 88 72 56 24 108 72 36 108 72 36 108 72 36 108 72 36 132 0 132 132 0 132 132 0 132 132 0 132 108 0 112 108 0 112 64 48 24 64 48 24 64 48 24 64 48 24 64 48 24 64 48 24 64 48 24 64 48 24 108 0 112 108 0 112 132 0 132 108 0 112 88 0 88 88 0 88 88 0 88 80 0 80 80 0 80 80 0 80 88 0 88 108 0 112 108 0 112 108 72 36 108 72 36 108 72 36 92 64 32 132 0 132 108 0 112 88 0 88 72 0 72 80 0 80 80 0 80 72 0 72 80 0 80 88 0 88 108 0 112 72 56 24 64 48 24
64 0 64 108 0 112 108 0 112 88 0 88 92 64 32 108 72 36 108 72 36 116 76 40 116 76 40 108 72 36 92 64 32 84 60 28 88 0 88 108 0 112 132 0 132 72 56 24 108 72 36 108 72 36 108 72 36 84 60 28 84 60 28 84 60 28 72 56 24 64 48 24 64 48 24 108 0 112 132 0 132 108 0 112 88 0 88 88 0 88 108 0 112 108 0 112 108 0 112 108 0 112 108 0 112 88 0 88 88 0 88 108 0 112 108 0 112 108 0 112 132 0 132 80 0 80 88 0 88 88 0 88 88 0 88 108 0 112 132 0 132 108 72 36 108 72 36 108 72 36 92 64 32 108 0 112 108 0 112 132 0 132 108 0 112 88 0 88 72 0 72 72 0 72 80 0 80 88 0 88 108 0 112 108 0 112 64 48 24 56 56 56
64 0 64 64 0 64 88 0 88 88 0 88 108 72 36 108 72 36 108 72 36 108 72 36 108 72 36 92 64 32 84 60 28 84 60 28 108 0 112 132 0 132 132 0 132 84 60 28 108 72 36 108 72 36 84 60 28 72 56 24 56 44 20 56 44 20 56 44 20 108 0 112 132 0 132 108 0 112 108 0 112 88 0 88 80 0 80 80 0 80 88 0 88 88 0 88 88 0 88 88 0 88 88 0 88 80 0 80 80 0 80 108 0 112 132 0 132 132 0 132 108 0 112 88 0 88 88 0 88 108 0 112 108 0 112 132 0 132 108 72 36 108 72 36 108 72 36 92 64 32 92 64 32 84 60 28 72 56 24 72 56 24 72 56 24 64 48 24 64 48 24 64 48 24 64 48 24 64 48 24 132 0 132 132 0 132 64 48 24 72 72 72
64 0 64 64 0 64 64 0 64 80 0 80 92 64 32 108 72 36 92 64 32 72 56 24 72 56 24 64 48 24 64 48 24 84 60 28 84 60 28 108 0 112 132 0 132 108 72 36 108 72 36 108 72 36 84 60 28 56 44 20 88 0 88 108 0 112 88 0 88 88 0 88 108 0 112 132 0 132 108 0 112 88 0 88 80 0 80 80 0 80 72 56 24 80 0 80 72 0 72 72 0 72 72 0 72 80 0 80 88 0 88 108 0 112 132 0 132 132 0 132 88 0 88 132 0 132 108 0 112 132 0 132 132 0 132 108 72 36 108 72 36 108 72 36 108 72 36 92 64 32 72 0 72 80 0 80 88 0 88 108 0 112 132 0 132 132 0 132 108 0 112 80 0 80 88 0 88 108 0 112 132 0 132 132 0 132 64 48 24 84 84 84
64 0 64 64 0 64 64 0 64 80 0 80 92 64 32 108 72 36 84 60 28 84 60 28 64 0 64 88 0 88 88 0 88 64 48 24 84 60 28 84 60 28 108 72 36 108 72 36 108 72 36 84 60 28 56 44 20 88 0 88 108 0 112 108 0 112 88 0 88 88 0 88 108 0 112 132 0 132 132 0 132 108 0 112 88 0 88 80 0 80 80 0 80 80 0 80 80 0 80 80 0 80 80 0 80 80 0 80 88 0 88 108 0 112 132 0 132 108 0 112 88 0 88 72 56 24 132 0 132 156 0 156 156 0 156 156 0 156 132 0 132 132 0 132 108 72 36 92 64 32 80 0 80 88 0 88 72 56 24 92 64 32 108 0 112 108 0 112 108 0 112 80 0 80 80 0 80 108 0 112 132 0 132 132 0 132 64 48 24 84 84 84
64 0 64 64 0 64 64 0 64 72 0 72 92 64 32 92 64 32 84 60 28 72 56 24 72 56 24 64 48 24 88 0 88 132 0 132 64 48 24 64 48 24 92 64 32 108 72 36 108 72 36 84 60 28 84 60 28 84 60 28 88 0 88 88 0 88 88 0 88 88 0 88 132 0 132 108 0 112 108 0 112 88 0 88 80 0 80 92 64 32 92 64 32 92 64 32 72 56 24 72 56 24 72 56 24 72 56 24 72 56 24 72 56 24 72 56 24 72 56 24 72 56 24 92 64 32 92 64 32 108 72 36 84 60 28 84 60 28 72 56 24 72 56 24 108 72 36 92 64 32 80 0 80 88 0 88 92 64 32 84 60 28 72 56 24 72 56 24 64 48 24 64 48 24 80 0 80 88 0 88 108 0 112 72 56 24 72 56 24 72 72 72
64 0 64 64 0 64 64 0 64 80 0 80 84 60 28 92 64 32 64 48 24 64 0 64 88 0 88 88 0 88 88 0 88 88 0 88 132 0 132 92 64 32 108 72 36 84 60 28 108 72 36 84 60 28 56 44 20 88 0 88 108 0 112 88 0 88 108 0 112 88 0 88 132 0 132 108 0 112 88 0 88 80 0 80 92 64 32 92 64 32 92 64 32 132 0 132 108 0 112 108 0 112 88 0 88 80 0 80 80 0 80 80 0 80 80 0 80 88 0 88 72 56 24 92 64 32 108 72 36 108 72 36 132 0 132 132 0 132 108 0 112 108 0 112 88 0 88 108 72 36 88 0 88 108 0 112 92 64 32 84 60 28 72 0 72 72 0 72 72 0 72 80 0 80 88 0 88 132 0 132 88 0 88 72 56 24 72 56 24 56 56 56
64 0 64 64 0 64 64 0 64 80 0 80 84 60 28 92 64 32 84 60 28 84 60 28 84 60 28 84 60 28 132 0 132 132 0 132 132 0 132 108 72 36 84 60 28 64 48 24 84 60 28 84 60 28 84 60 28 84 60 28 84 60 28 56 44 20 108 0 112 132 0 132 108 0 112 88 0 88 80 0 80 80 0 80 92 64 32 92 64 32 132 0 132 132 0 132 132 0 132 108 0 112 88 0 88 88 0 88 80 0 80 80 0 80 88 0 88 108 0 112 92 64 32 108 72 36 92 64 32 84 60 28 72 56 24 72 56 24 88 0 88 88 0 88 72 56 24 132 0 132 108 0 112 132 0 132 72 56 24 72 56 24 72 56 24 64 48 24 72 56 24 84 60 28 92 64 32 84 60 28 64 48 24 72 56 24 72 56 24 64 48 24
64 0 64 64 0 64 64 0 64 72 0 72 72 56 24 72 56 24 64 48 24 88 0 88 108 0 112 132 0 132 132 0 132 84 60 28 84 60 28 72 56 24 64 48 24 108 0 112 64 48 24 64 48 24 64 48 24 56 44 20 56 44 20 88 0 88 88 0 88 108 0 112 132 0 132 108 0 112 72 0 72 72 0 72 92 64 32 88 0 88 132 0 132 132 0 132 132 0 132 108 0 112 108 0 112 88 0 88 80 0 80 80 0 80 108 0 112 132 0 132 92 64 32 108 72 36 84 60 28 72 56 24 88 0 88 64 0 64 64 0 64 88 0 88 72 56 24 132 0 132 108 0 112 132 0 132 64 48 24 64 48 24 64 48 24 64 48 24 72 56 24 84 60 28 108 0 112 132 0 132 64 48 24 84 60 28 84 60 28 64 48 24
64 0 64 64 0 64 64 0 64 80 0 80 72 56 24 92 64 32 64 48 24 88 0 88 108 0 112 132 0 132 84 60 28 84 60 28 72 56 24 64 48 24 108 0 112 132 0 132 108 0 112 108 0 112 108 0 112 108 0 112 108 0 112 88 0 88 108 0 112 88 0 88 108 0 112 64 0 64 64 0 64 72 0 72 88 0 88 88 0 88 132 0 132 108 0 112 108 0 112 88 0 88 88 0 88 80 0 80 80 0 80 88 0 88 108 0 112 132 0 132 132 0 132 92 64 32 88 0 88 64 0 64 64 0 64 64 0 64 88 0 88 72 56 24 92 64 32 116 76 40 92 64 32 92 64 32 92 64 32 92 64 32 92 64 32 88 0 88 88 0 88 64 48 24 92 64 32 108 0 112 64 48 24 84 60 28 92 64 32 64 48 24
64 0 64 64 0 64 88 0 88 80 0 80 80 0 80 72 56 24 92 64 32 92 64 32 84 60 28 84 60 28 84 60 28 84 60 28 72 56 24 64 48 24 108 0 112 108 0 112 108 0 112 132 0 132 108 0 112 88 0 88 88 0 88 108 0 112 88 0 88 88 0 88 72 0 72 64 0 64 64 0 64 72 0 72 88 0 88 108 0 112 132 0 132 108 0 112 88 0 88 108 0 112 88 0 88 88 0 88 80 0 80 88 0 88 108 0 112 132 0 132 132 0 132 92 64 32 84 60 28 72 56 24 88 0 88 88 0 88 88 0 88 72 56 24 92 64 32 116 76 40 72 56 24 72 56 24 132 0 132 132 0 132 108 0 112 88 0 88 88 0 88 88 0 88 64 48 24 64 48 24 64 48 24 84 60 28 108 72 36 64 48 24
64 0 64 88 0 88 88 0 88 88 0 88 80 0 80 80 0 80 72 56 24 64 48 24 88 0 88 108 0 112 108 0 112 84 60 28 84 60 28 132 0 132 108 0 112 88 0 88 88 0 88 108 0 112 88 0 88 108 0 112 108 0 112 88 0 88 80 0 80 80 0 80 64 0 64 72 0 72 72 0 72 88 0 88 108 0 112 132 0 132 132 0 132 132 0 132 132 0 132 132 0 132 108 0 112 88 0 88 80 0 80 80 0 80 108 0 112 132 0 132 132 0 132 132 0 132 108 0 112 108 0 112 88 0 88 108 0 112 72 56 24 92 64 32 108 72 36 116 76 40 88 0 88 108 0 112 132 0 132 108 0 112 88 0 88 108 0 112 132 0 132 88 0 88 88 0 88 64 48 24 64 48 24 84 60 28 108 72 36 64 48 24
64 0 64 88 0 88 88 0 88 88 0 88 80 0 80 80 0 80 80 0 80 72 56 24 72 56 24 72 56 24 72 56 24 72 56 24 72 56 24 72 56 24 72 56 24 108 0 112 132 0 132 108 0 112 88 0 88 88 0 88 88 0 88 80 0 80 80 0 80 72 0 72 80 0 80 88 0 88 108 0 112 132 0 132 132 0 132 156 0 156 156 0 156 156 0 156 132 0 132 132 0 132 132 0 132 108 0 112 88 0 88 80 0 80 88 0 88 108 0 112 132 0 132 108 0 112 132 0 132 132 0 132 108 0 112 132 0 132 92 64 32 108 72 36 116 76 40 92 64 32 92 64 32 92 64 32 108 0 112 108 0 112 88 0 88 88 0 88 88 0 88 88 0 88 88 0 88 88 0 88 64 48 24 92 64 32 108 72 36 64 48 24
64 0 64 88 0 88 108 0 112 108 0 112 108 0 112 108 0 112 88 0 88 80 0 80 80 0 80 88 0 88 64 48 24 64 48 24 64 48 24 64 48 24 64 48 24 72 56 24 72 56 24 108 0 112 132 0 132 132 0 132 108 0 112 108 0 112 80 0 80 64 0 64 80 0 80 108 0 112 132 0 132 116 76 40 108 72 36 108 72 36 108 72 36 108 72 36 108 72 36 108 72 36 92 64 32 92 64 32 84 60 28 84 60 28 84 60 28 88 0 88 108 0 112 108 0 112 108 0 112 132 0 132 132 0 132 132 0 132 156 0 156 116 76 40 92 64 32 72 56 24 72 56 24 72 56 24 72 56 24 72 56 24 64 48 24 64 48 24 64 48 24 64 48 24 64 48 24 64 48 24 64 48 24 92 64 32 108 72 36 64 48 24
88 0 88 108 0 112 132 0 132 132 0 132 132 0 132 132 0 132 108 0 112 88 0 88 80 0 80 80 0 80 88 0 88 108 0 112 108 0 112 108 0 112 108 0 112 64 48 24 72 56 24 72 56 24 108 0 112 108 0 112 108 0 112 88 0 88 72 56 24 72 56 24 92 64 32 108 72 36 116 76 40 108 72 36 116 76 40 92 64 32 132 0 132 132 0 132 132 0 132 132 0 132 108 0 112 108 0 112 88 0 88 64 0 64 80 0 80 88 0 88 108 0 112 132 0 132 132 0 132 132 0 132 108 0 112 108 0 112 132 0 132 132 0 132 108 0 112 88 0 88 88 0 88 108 0 112 132 0 132 108 0 112 132 0 132 108 0 112 88 0 88 88 0 88 108 0 112 88 0 88 64 48 24 92 64 32 108 72 36 64 48 24
88 0 88 132 0 132 132 0 132 108 72 36 108 72 36 108 0 112 132 0 132 132 0 132 108 0 112 88 0 88 80 0 80 88 0 88 108 0 112 132 0 132 132 0 132 108 0 112 64 48 24 64 48 24 64 48 24 64 48 24 72 56 24 72 56 24 84 60 28 92 64 32 108 72 36 116 76 40 116 76 40 116 76 40 92 64 32 132 0 132 180 0 180 180 0 180 156 0 156 156 0 156 132 0 132 132 0 132 108 0 112 88 0 88 64 0 64 72 0 72 88 0 88 108 0 112 132 0 132 108 0 112 88 0 88 88 0 88 108 0 112 108 0 112 108 0 112 88 0 88 108 0 112 132 0 132 132 0 132 84 60 28 108 0 112 88 0 88 88 0 88 108 0 112 88 0 88 88 0 88 64 48 24 108 72 36 108 72 36 64 48 24
88 0 88 132 0 132 108 72 36 108 72 36 108 72 36 108 72 36 108 72 36 108 72 36 92 64 32 92 64 32 88 0 88 80 0 80 88 0 88 88 0 88 108 0 112 108 0 112 108 0 112 64 48 24 80 0 80 80 0 80 80 0 80 88 0 88 132 0 132 108 72 36 116 76 40 116 76 40 156 0 156 116 76 40 92 64 32 180 0 180 132 0 132 108 0 112 108 0 112 108 0 112 108 0 112 108 0 112 108 0 112 108 0 112 80 0 80 64 0 64 72 0 72 88 0 88 108 0 112 132 0 132 108 0 112 88 0 88 108 0 112 132 0 132 132 0 132 108 0 112 132 0 132 132 0 132 84 60 28 92 64 32 108 0 112 108 0 112 88 0 88 88 0 88 88 0 88 92 64 32 108 72 36 128 80 44 92 64 32 64 48 24
88 0 88 108 72 36 108 72 36 108 72 36 108 72 36 92 64 32 92 64 32 92 64 32 84 60 28 84 60 28 84 60 28 84 60 28 84 60 28 80 0 80 88 0 88 80 0 80 80 0 80 80 0 80 64 0 64 72 0 72 80 0 80 108 0 112 132 0 132 108 72 36 116 76 40 156 0 156 156 0 156 116 76 40 92 64 32 180 0 180 132 0 132 108 0 112 88 0 88 88 0 88 80 0 80 88 0 88 108 0 112 108 0 112 88 0 88 64 0 64 72 0 72 72 0 72 88 0 88 108 0 112 88 0 88 108 0 112 108 0 112 108 0 112 108 0 112 108 0 112 132 0 132 108 0 112 92 64 32 92 64 32 84 60 28 72 56 24 72 56 24 88 0 88 92 64 32 128 80 44 128 80 44 92 64 32 72 56 24 64 48 24
88 0 88 108 72 36 108 72 36 108 72 36 64 48 24 64 48 24 64 48 24 64 48 24 64 48 24 64 48 24 64 48 24 64 48 24 64 48 24 80 0 80 80 0 80 72 0 72 72 0 72 72 0 72 80 0 80 80 0 80 108 0 112 132 0 132 116 76 40 116 76 40 132 0 132 132 0 132 132 0 132 116 76 40 116 76 40 92 64 32 156 0 156 156 0 156 132 0 132 108 0 112 108 0 112 80 0 80 88 0 88 108 0 112 88 0 88 64 0 64 64 0 64 72 0 72 72 0 72 88 0 88 108 0 112 132 0 132 132 0 132 108 0 112 108 0 112 108 0 112 108 0 112 88 0 88 72 56 24 92 64 32 84 60 28 72 56 24 72 56 24 92 64 32 128 80 44 108 72 36 92 64 32 72 56 24 64 48 24 64 48 24
88 0 88 108 72 36 108 72 36 84 60 28 88 0 88 108 0 112 132 0 132 132 0 132 108 0 112 132 0 132 108 0 112 80 0 80 80 0 80 80 0 80 80 0 80 72 0 72 72 0 72 72 0 72 80 0 80 88 0 88 108 0 112 116 76 40 116 76 40 116 76 40 132 0 132 108 0 112 88 0 88 108 72 36 116 76 40 108 72 36 156 0 156 156 0 156 132 0 132 72 56 24 72 56 24 80 0 80 88 0 88 108 0 112 80 0 80 64 0 64 64 0 64 64 0 64 72 0 72 80 0 80 88 0 88 108 0 112 108 0 112 108 0 112 132 0 132 132 0 132 132 0 132 108 0 112 88 0 88 72 56 24 72 56 24 72 56 24 72 56 24 84 60 28 108 72 36 92 64 32 108 0 112 132 0 132 64 48 24 56 56 56
88 0 88 108 72 36 108 72 36 84 60 28 84 60 28 84 60 28 84 60 28 84 60 28 84 60 28 84 60 28 88 0 88 88 0 88 80 0 80 72 0 72 72 0 72 72 0 72 72 0 72 80 0 80 80 0 80 88 0 88 108 0 112 116 76 40 108 72 36 108 72 36 132 0 132 108 0 112 108 0 112 88 0 88 108 72 36 108 72 36 108 72 36 92 64 32 84 60 28 72 56 24 72 56 24 84 60 28 92 64 32 108 72 36 108 72 36 92 64 32 84 60 28 72 56 24 64 48 24 64 48 24 56 44 20 56 44 20 56 44 20 88 0 88 108 0 112 108 0 112 108 0 112 88 0 88 88 0 88 88 0 88 80 0 80 80 0 80 80 0 80 84 60 28 108 72 36 92 64 32 64 48 24 108 0 112 64 48 24 72 72 72
88 0 88 108 72 36 108 72 36 88 0 88 108 0 112 132 0 132 108 0 112 88 0 88 80 0 80 80 0 80 80 0 80 80 0 80 72 0 72 72 0 72 72 0 72 72 0 72 72 0 72 88 0 88 88 0 88 108 0 112 108 0 112 108 72 36 108 72 36 108 72 36 92 64 32 108 0 112 88 0 88 88 0 88 108 0 112 132 0 132 92 64 32 92 64 32 84 60 28 72 56 24 72 56 24 84 60 28 92 64 32 108 72 36 108 72 36 92 64 32 72 56 24 72 56 24 64 48 24 56 44 20 64 0 64 64 0 64 64 0 64 88 0 88 64 48 24 64 48 24 64 48 24 88 0 88 64 48 24 64 48 24 80 0 80 80 0 80 80 0 80 88 0 88 84 60 28 132 0 132 64 48 24 64 48 24 64 48 24 100 100 100
